0 15 130 1 58 2 61 3 6 6 116 4 212 9 15 15 108 5 249 10 184 14 134 24 154 7 219 39 175 12 140 66 241
1 15 125 2 101 1 5 9 87 4 89 5 41 14 115 3 75 15 25 7 37 55 122 6 60 12 65 42 212 27 71 8 162
2 15 156 1 106 3 203 6 228 5 87 2 230 76 46 4 89 7 165 12 74 8 155 19 36 11 96 48 83 14 148 45 248
3 15 161 1 169 2 50 3 20 23 17 4 214 27 250 9 29 5 170 14 67 78 111 63 86 15 22 7 149 6 134 12 87
4 15 200 1 48 9 67 2 222 3 137 6 214 4 27 23 23 67 121 5 175 16 157 66 40 12 14 11 201 19 19 90 87
5 15 132 2 228 1 249 6 173 4 89 3 50 31 183 28 125 11 245 9 205 63 58 25 140 5 105 10 144 7 1 16 154
6 15 91 1 141 2 205 3 166 4 69 8 147 24 17 10 183 6 2 9 126 7 103 5 85 15 95 11 178 35 120 13 243
7 15 113 1 92 13 99 2 101 3 81 6 141 8 230 7 100 4 12 41 96 11 106 16 217 5 107 18 197 37 203 17 154
8 15 95 1 248 2 129 7 92 29 69 6 100 14 193 3 103 8 127 9 134 10 197 4 86 5 239 12 105 18 77 32 113
9 15 132 1 129 4 107 36 55 2 222 3 57 7 128 9 61 10 155 12 126 22 72 5 13 8 19 6 8 31 180 65 106
10 15 142 1 113 4 31 2 171 6 2 3 14 11 67 8 106 12 227 7 232 75 184 5 248 10 161 18 87 13 163 63 65
11 15 89 1 135 21 5 3 3 4 152 2 42 12 44 5 67 11 139 8 104 10 230 9 225 17 84 14 65 27 240 6 118
12 15 181 1 165 2 22 25 82 8 237 4 176 3 203 5 14 59 165 58 110 9 169 84 66 7 170 6 56 18 86 14 27
13 15 199 2 27 1 211 8 40 3 26 24 61 4 66 5 184 95 115 6 41 22 189 75 44 10 172 13 137 35 79 30 93
14 15 115 2 164 4 157 46 28 1 77 14 45 3 245 16 244 6 80 10 107 38 49 7 15 5 244 9 171 13 199 18 163
15 15 130 1 81 5 177 3 22 11 206 2 230 6 124 14 152 8 63 4 243 17 133 24 7 16 25 51 246 13 67 43 92
16 15 134 6 248 1 222 8 233 2 105 11 239 4 203 12 7 16 175 3 188 5 168 50 142 55 136 9 38 23 105 20 96
17 15 125 16 32 1 51 3 38 32 35 6 71 5 123 2 190 4 231 27 53 15 110 26 44 21 20 9 18 35 11 8 174
18 15 184 1 94 3 181 2 86 10 66 12 244 34 69 5 161 4 18 23 56 51 140 6 177 30 194 62 118 31 2 33 8
19 15 79 1 160 17 4 16 151 11 176 3 43 9 62 2 194 8 9 13 213 4 92 7 164 12 127 18 18 5 27 6 61
20 15 108 1 214 7 12 2 172 3 230 4 197 6 5 10 88 11 202 5 182 50 225 13 210 38 93 8 115 14 211 9 199
21 15 75 2 33 1 21 10 5 12 159 3 116 9 147 6 215 11 70 8 12 4 80 16 227 7 85 5 145 19 249 13 144
22 15 158 8 58 1 66 2 162 4 59 3 192 24 246 7 8 6 97 5 237 41 173 49 19 37 147 11 29 36 58 30 155
23 15 109 1 198 4 171 2 18 56 208 3 30 6 146 15 208 24 107 12 92 7 146 9 215 5 161 10 195 21 161 8 201
24 15 114 40 238 1 189 2 142 7 65 5 139 11 109 8 56 3 10 6 36 4 122 16 209 9 94 18 223 19 163 42 207
25 15 112 10 88 1 126 61 62 4 121 3 101 2 119 6 192 18 215 17 10 7 133 25 154 9 51 5 243 8 66 11 4
26 15 114 2 43 1 63 4 164 5 199 15 122 3 116 21 43 16 167 12 63 6 240 7 102 60 235 8 75 11 9 20 207
27 15 149 2 97 1 19 5 40 4 13 3 184 10 224 9 130 37 31 47 228 7 5 53 218 22 100 14 141 23 161 13 60
28 15 106 1 50 2 17 4 201 6 219 8 43 14 235 5 65 3 149 35 210 10 161 38 157 9 207 20 238 11 95 12 25
29 15 141 4 84 3 168 1 10 2 50 24 114 7 171 11 35 14 87 15 238 5 182 23 75 67 90 12 69 19 241 29 193
30 15 161 2 138 1 228 70 225 4 121 15 7 3 130 6 155 5 163 7 22 18 187 9 128 8 177 24 67 10 183 87 162
31 15 137 4 18 1 186 2 51 3 56 5 142 20 245 6 233 9 28 24 48 11 212 15 207 8 134 53 164 12 14 56 190
32 15 137 2 48 1 143 4 68 62 218 20 122 5 225 26 231 13 100 3 40 41 51 15 199 16 117 7 174 6 86 9 35
33 15 184 6 163 1 103 2 247 38 208 4 67 54 144 8 60 10 19 9 29 5 180 3 34 7 7 33 122 61 219 66 238
34 15 140 9 64 8 134 1 122 2 70 3 30 4 189 11 245 57 20 7 220 38 97 5 51 24 92 36 97 13 103 17 186
35 15 118 1 202 10 200 3 154 4 98 30 62 9 160 2 46 53 167 5 69 19 182 14 183 20 198 12 3 7 69 8 247
36 15 123 1 42 2 249 5 17 8 89 6 250 16 210 3 47 4 183 62 57 21 228 13 231 7 146 12 144 32 99 14 2
37 15 85 2 59 1 244 5 18 9 160 4 186 3 115 13 72 11 126 20 100 16 115 15 36 8 202 7 249 6 146 23 213
38 15 130 22 44 1 155 2 62 13 250 5 110 66 181 3 62 14 230 20 62 4 96 9 223 28 40 15 243 6 129 10 41
39 15 167 4 81 2 191 6 83 3 82 1 188 44 55 21 228 7 33 50 233 5 88 8 142 25 149 52 113 42 79 9 74
40 15 101 2 27 6 1 1 187 8 160 4 229 31 21 5 21 9 40 7 199 3 63 21 49 19 243 10 79 24 72 20 240
41 15 140 1 115 2 51 3 209 26 82 10 63 14 233 5 163 4 230 6 237 19 78 66 175 7 135 53 116 8 143 11 15
42 15 133 11 178 1 221 5 230 2 162 28 31 9 145 3 241 8 28 6 232 13 108 38 183 72 114 16 57 4 231 7 159
43 15 137 1 17 2 59 36 27 3 12 10 200 6 134 4 203 9 66 5 9 7 134 24 238 11 156 8 237 72 94 31 160
44 15 123 1 81 2 111 4 248 3 135 7 141 13 243 9 134 6 170 5 1 34 72 8 99 59 174 29 144 12 244 14 244
45 15 187 1 192 2 180 3 59 5 18 4 142 25 193 64 223 7 21 15 31 9 221 60 115 13 129 84 111 11 75 10 44
46 15 148 1 195 56 215 3 4 2 198 5 90 10 14 15 138 4 79 6 220 40 160 31 151 26 131 12 62 19 4 17 176
47 15 152 1 132 5 183 2 231 3 192 17 59 34 196 81 48 14 49 11 63 9 38 6 87 7 172 31 87 4 228 29 115
48 15 94 6 99 1 233 3 163 2 51 14 108 4 210 5 28 8 164 7 41 20 200 10 74 11 92 22 170 29 242 16 134
49 15 102 1 65 3 133 5 179 2 115 11 109 8 65 10 111 7 55 30 142 20 185 4 121 6 81 16 76 33 80 15 88
