0 15 74 1 157 2 218 3 110 6 166 4 123 7 43 5 53 12 236 17 221 8 215 11 105 14 51 9 147 15 163 10 58
1 15 75 1 245 2 132 4 111 3 235 5 32 7 104 8 2 11 3 13 245 6 234 18 132 14 220 9 248 15 31 10 72
2 15 82 1 141 2 234 7 234 5 65 6 153 3 225 22 165 4 203 9 203 8 163 24 121 10 115 12 204 13 74 11 132
3 15 107 1 1 2 116 6 243 3 238 5 42 4 143 8 46 18 207 11 32 9 191 7 152 35 152 44 151 10 177 17 27
4 15 81 1 202 2 5 6 51 4 50 3 98 10 119 7 46 8 173 14 67 5 178 16 24 9 95 25 172 11 162 15 61
5 15 112 1 125 2 239 4 40 11 202 3 131 8 147 5 87 6 250 10 109 9 205 41 104 14 8 48 149 7 138 18 190
6 15 84 1 48 3 171 2 231 6 161 4 190 8 110 5 233 18 184 10 188 13 83 7 176 9 200 14 229 30 14 11 207
7 15 82 1 51 2 64 3 28 6 47 4 226 8 117 5 91 10 64 9 174 7 90 15 69 12 38 13 143 25 35 18 54
8 15 93 1 116 5 224 4 188 2 241 3 27 8 174 6 236 11 88 12 222 32 1 7 145 14 12 25 29 10 78 16 39
9 15 100 1 100 4 142 2 70 5 35 3 218 6 78 11 41 7 114 34 12 36 151 8 228 9 250 17 112 13 156 12 50
10 15 75 1 14 3 226 2 149 5 48 4 79 12 220 7 216 9 81 6 168 11 234 10 148 20 64 8 187 13 243 15 148
11 15 83 1 73 2 17 5 217 3 141 6 84 4 172 7 14 11 45 14 149 10 31 9 73 21 200 16 28 17 12 13 241
12 15 100 1 186 3 188 2 199 10 165 13 35 4 188 5 87 25 47 6 90 7 165 20 247 9 83 24 188 21 14 17 86
13 15 94 1 9 3 241 2 207 25 179 4 211 6 75 7 250 5 57 8 248 21 178 31 120 12 1 14 98 10 162 9 232
14 15 85 1 229 2 42 3 202 4 92 7 169 5 108 8 239 10 150 6 228 32 227 11 170 9 97 12 20 14 232 18 122
15 15 96 1 171 4 130 5 115 2 152 3 201 15 188 10 218 7 169 6 149 14 244 28 109 27 207 11 155 16 150 12 100
16 15 94 1 166 3 126 2 219 5 86 4 62 6 39 9 89 7 250 8 189 23 78 10 121 21 232 20 116 11 45 28 154
17 15 104 1 63 3 206 2 92 10 102 9 15 7 135 4 206 5 5 8 236 6 67 38 70 12 205 11 235 13 173 45 139
18 15 100 1 117 2 62 3 104 4 195 14 147 8 91 5 39 7 145 10 239 11 178 15 222 37 84 9 213 20 104 21 115
19 15 141 1 42 2 28 4 199 3 211 6 147 7 193 41 49 13 83 19 163 5 74 68 82 27 19 8 123 14 54 18 141
20 15 89 2 87 1 52 5 61 3 56 4 175 6 12 7 86 9 106 16 107 20 140 11 3 14 107 29 173 13 6 10 124
21 15 121 10 138 1 231 7 135 3 34 2 35 6 213 4 90 5 43 8 79 11 158 12 145 20 191 9 232 92 133 13 94
22 15 96 1 136 2 136 5 220 3 77 7 213 8 60 12 49 21 73 4 177 6 50 19 198 22 204 9 202 11 12 31 213
23 15 91 1 190 6 250 2 190 3 234 9 53 5 24 4 235 7 81 13 148 24 141 10 86 8 70 12 163 15 65 33 103
24 15 121 1 150 3 82 2 202 5 30 6 94 7 174 4 53 12 88 8 244 9 72 13 199 44 231 16 110 23 67 49 164
25 15 87 1 179 2 70 13 75 4 52 3 237 5 80 7 14 6 169 11 68 9 236 8 15 10 129 18 6 12 185 37 47
26 15 97 1 95 3 153 2 163 4 214 5 17 6 193 7 163 10 111 8 177 11 46 12 55 9 242 14 53 47 223 24 61
27 15 82 1 121 5 112 6 186 3 198 4 205 2 73 16 130 12 69 8 128 14 225 21 97 7 235 9 131 19 17 11 106
28 15 122 1 74 2 141 4 201 3 96 6 5 8 124 77 108 5 204 7 167 12 1 21 22 11 79 14 223 17 250 16 193
29 15 130 1 233 4 52 48 225 2 190 5 182 3 208 18 121 10 194 6 47 8 28 9 178 17 188 7 113 68 59 12 185
30 15 77 1 50 2 238 5 93 3 248 16 8 4 8 6 58 8 105 12 62 9 191 11 177 21 198 7 86 10 11 14 243
31 15 79 1 36 2 4 3 172 9 3 5 220 6 27 4 159 8 48 14 49 10 177 7 160 18 140 13 207 17 239 15 161
32 15 82 1 72 2 124 21 172 3 2 4 126 5 103 10 220 25 16 8 16 6 147 7 64 9 233 12 237 11 24 14 181
33 15 81 1 139 2 189 3 14 4 243 9 197 5 20 7 140 11 38 15 140 8 187 22 235 10 96 16 104 17 42 6 189
34 15 83 3 232 1 215 4 210 2 68 6 70 10 228 9 110 8 86 5 37 14 85 7 46 18 199 11 244 16 175 25 118
35 15 88 16 213 1 136 6 138 4 247 3 7 2 163 5 10 13 86 7 189 22 32 12 47 14 8 8 86 25 166 10 238
36 15 123 1 208 5 217 2 66 3 95 4 144 6 167 8 160 13 84 7 32 10 54 75 139 9 20 12 20 15 163 36 12
37 15 143 1 145 2 39 3 150 6 241 4 119 25 165 48 186 8 200 5 235 27 148 12 33 10 85 31 204 47 194 11 15
38 15 114 1 159 2 7 8 68 3 182 5 33 4 117 14 118 6 129 7 93 13 243 10 179 9 31 39 207 58 159 12 148
39 15 79 2 240 1 240 11 33 6 36 3 215 4 27 10 97 5 17 7 210 8 63 17 221 14 228 12 92 13 38 19 205
40 15 98 1 28 4 1 3 78 2 186 8 25 6 115 5 180 9 198 10 110 7 109 38 7 12 11 16 145 13 217 31 123
41 15 111 1 40 2 128 3 11 8 34 6 140 4 174 5 245 10 155 16 3 7 112 9 86 26 200 37 61 25 27 27 106
42 15 94 2 81 1 143 3 84 5 237 4 110 10 64 7 64 8 98 6 62 14 118 9 186 12 122 11 233 31 47 34 214
43 15 79 1 231 2 15 6 9 7 14 15 239 3 193 4 141 10 24 11 43 5 98 9 52 19 143 20 87 13 237 8 96
44 15 88 1 176 2 64 13 102 4 71 3 3 5 28 8 63 28 136 12 113 7 94 11 108 9 218 20 120 6 79 18 141
45 15 106 2 53 1 81 5 24 3 51 4 188 12 212 7 212 9 79 6 10 8 90 13 143 17 36 58 114 14 163 18 88
46 15 131 1 106 2 224 3 197 40 160 4 245 6 68 5 163 18 212 76 165 7 223 11 206 8 164 9 197 15 118 14 147
47 15 100 1 88 4 188 3 43 2 18 8 225 5 35 6 123 52 22 10 248 9 89 12 69 7 51 11 83 23 234 15 9
48 15 131 3 216 1 24 2 220 9 70 4 111 5 96 12 67 7 156 15 4 6 247 86 173 27 229 11 89 24 155 8 68
49 15 85 1 70 2 8 10 155 8 95 6 241 3 92 4 3 12 232 7 151 5 53 11 244 14 222 13 205 31 7 15 134
