0 15 769 76 103 99 201 100 131 95 211 94 146 98 170 90 32 96 174 72 185 97 144 92 142 93 124 45 89 80 138 55 20
1 15 730 97 141 90 24 56 145 79 26 99 221 92 154 96 52 98 5 93 17 11 65 94 40 72 129 81 212 76 132 83 169
2 15 770 99 10 97 141 98 49 95 164 72 9 94 124 87 13 74 233 92 240 57 116 96 150 93 53 66 17 86 243 78 21
3 15 756 98 32 97 143 99 21 96 138 65 136 83 8 95 197 94 96 93 81 82 62 56 24 44 67 91 11 92 117 76 230
4 15 760 99 100 92 133 43 48 97 168 98 116 74 203 94 69 87 38 95 209 96 111 91 96 89 220 86 69 38 136 88 170
5 15 781 97 130 99 19 96 237 64 92 98 231 91 79 94 64 82 110 70 19 95 247 88 156 93 19 89 114 86 214 61 90
6 15 799 95 139 99 248 81 178 91 172 89 221 98 181 88 118 90 46 94 214 92 146 97 148 96 97 77 98 61 184 85 129
7 15 800 99 5 98 66 97 235 88 66 94 196 95 72 96 173 50 69 92 35 90 13 91 7 93 88 89 234 87 149 75 148
8 15 794 96 48 97 55 99 194 98 7 77 54 90 240 76 87 94 202 95 131 86 144 83 193 73 186 93 198 89 111 79 1
9 15 732 95 133 99 49 96 85 26 183 85 159 93 154 91 9 98 213 67 89 88 237 89 96 97 145 94 103 21 129 82 185
10 15 799 98 142 87 218 99 126 90 179 96 210 92 221 88 230 51 231 79 7 84 122 97 15 89 115 93 144 94 20 95 193
11 15 779 99 231 95 110 93 144 84 44 91 206 87 239 98 87 96 6 81 234 97 206 94 19 24 123 90 59 86 103 85 43
12 15 787 99 101 93 203 64 88 97 184 88 189 95 99 70 34 98 201 94 210 92 182 75 102 96 50 77 50 89 185 86 245
13 15 718 98 238 97 117 85 159 99 94 40 134 2 124 93 246 81 158 62 131 86 24 95 240 94 40 96 175 82 248 87 30
14 15 800 97 244 99 63 94 50 98 240 96 63 93 95 87 46 95 44 86 195 84 228 92 239 71 112 82 200 78 232 83 47
15 15 743 39 147 99 165 98 67 92 214 96 186 94 164 61 230 95 137 79 6 91 10 97 155 55 155 70 186 87 24 86 47
16 15 732 95 74 99 160 97 193 78 84 98 149 89 100 72 204 96 11 29 24 76 27 90 51 94 120 60 35 65 26 83 226
17 15 746 96 104 99 235 97 49 98 119 95 176 46 211 94 34 93 73 57 141 40 101 92 88 84 231 90 60 91 178 72 228
18 15 769 99 33 93 108 95 13 98 183 97 60 90 223 33 119 96 141 92 242 94 209 76 236 81 107 79 145 87 131 72 27
19 15 760 99 225 98 127 70 26 91 79 96 31 97 70 95 19 81 40 82 131 94 137 60 170 93 108 90 247 32 72 89 92
20 15 772 81 54 97 250 99 131 95 147 86 248 98 155 96 32 19 168 92 69 83 220 75 82 88 146 94 63 91 65 93 193
21 15 777 98 163 99 198 87 5 92 50 91 187 46 229 97 17 96 1 88 189 95 133 93 90 74 70 64 239 82 205 94 228
22 15 764 99 50 95 156 97 29 98 93 28 61 91 161 88 99 96 42 92 230 77 73 63 239 81 123 90 221 85 29 94 67
23 15 796 98 235 90 162 99 215 97 49 92 139 93 8 96 247 74 78 52 9 94 186 91 219 88 195 79 64 95 116 89 148
24 15 820 95 156 97 52 99 60 86 15 98 25 96 16 87 171 84 211 85 30 90 86 94 18 92 208 83 88 88 116 93 30
25 15 794 91 170 99 72 85 220 98 138 84 128 93 26 95 54 97 238 92 27 68 84 69 129 96 108 94 48 81 190 83 23
26 15 745 94 249 99 71 96 37 97 85 98 189 95 111 91 217 62 142 78 152 93 33 43 91 75 75 47 37 90 30 84 175
27 15 783 88 163 93 16 66 206 96 132 38 227 97 151 90 90 85 123 94 98 84 243 98 161 92 172 99 53 95 177 91 218
28 15 753 98 170 89 46 77 48 97 104 93 155 99 121 94 67 87 77 66 219 90 228 85 122 61 18 91 145 95 82 34 210
29 15 772 99 156 97 116 98 66 78 203 80 176 85 94 95 8 90 99 43 130 91 173 94 221 96 100 93 172 87 123 61 35
30 15 752 99 83 98 16 80 43 50 165 96 41 97 100 94 20 93 70 67 63 56 223 86 48 76 24 90 190 91 168 81 34
31 15 664 90 148 99 7 94 8 98 222 20 207 97 119 95 12 30 167 91 244 88 152 52 200 92 141 21 76 85 8 55 60
32 15 776 93 137 99 245 84 154 97 122 70 75 98 149 94 241 91 126 96 38 19 140 87 190 89 175 95 121 90 132 92 105
33 15 807 99 160 90 190 98 49 97 134 96 54 93 41 82 4 95 50 92 84 78 218 87 161 85 11 84 121 81 47 89 166
34 15 772 99 203 98 178 92 194 97 118 84 20 94 184 91 173 93 16 96 58 85 96 36 217 83 75 95 3 55 25 90 72
35 15 770 96 174 87 150 98 145 93 192 95 123 99 73 72 73 82 27 89 137 68 188 94 68 92 144 91 166 86 229 42 122
36 15 809 99 242 75 181 97 20 98 187 95 86 94 237 82 27 91 224 83 64 96 8 92 240 86 15 88 242 80 182 93 49
37 15 722 98 82 99 144 94 62 95 184 24 201 83 60 97 230 86 232 90 168 20 225 96 102 59 34 87 195 85 100 91 115
38 15 730 99 67 97 131 71 225 95 105 93 249 90 183 98 170 96 49 73 1 89 85 2 22 80 65 84 73 88 112 62 193
39 15 811 99 131 95 89 85 155 96 26 94 233 90 148 98 170 97 13 77 55 93 67 88 232 83 167 92 205 79 215 87 176
40 15 800 98 141 99 12 92 42 96 62 97 86 86 235 71 235 95 111 72 93 89 199 84 23 94 101 93 248 77 20 91 32
41 15 754 99 129 96 179 83 165 84 187 97 203 98 15 85 24 92 112 90 210 88 249 91 7 70 40 75 103 14 164 95 99
42 15 775 99 55 95 218 97 202 89 75 98 218 96 200 94 2 90 107 91 129 71 26 92 126 37 110 83 193 87 56 74 203
43 15 747 91 186 85 120 97 137 94 38 99 189 98 47 95 57 96 219 90 156 38 206 77 185 78 118 76 42 40 123 92 173
44 15 817 92 151 88 87 98 222 99 77 96 42 97 23 89 144 93 6 94 215 72 237 91 9 95 248 87 38 82 211 90 212
45 15 773 98 194 68 74 99 104 95 190 92 133 97 41 90 105 96 242 88 114 77 61 86 134 93 165 75 224 94 230 41 48
46 15 782 99 22 92 38 97 84 98 167 79 217 91 169 90 103 84 168 87 77 88 104 93 229 72 203 94 237 61 58 80 123
47 15 733 99 237 95 161 98 91 97 176 94 197 73 57 51 111 93 82 89 111 78 43 85 108 91 26 12 28 96 65 71 34
48 15 795 99 223 98 117 91 236 97 180 93 25 83 11 82 10 94 242 73 113 96 75 81 108 65 107 95 53 92 108 87 43
49 15 764 97 216 94 114 96 211 99 151 95 222 98 178 77 154 92 167 89 199 90 96 50 249 42 210 79 232 93 133 84 29
