0 15 832 100 115 99 16 91 226 97 15 98 19 90 171 86 24 95 89 94 33 96 210 88 64 92 97 93 21 89 11 79 110
1 15 804 98 72 99 234 97 79 96 21 91 9 93 68 92 84 95 156 83 61 88 85 94 14 90 92 80 96 67 42 78 39
2 15 800 96 215 99 81 97 216 90 8 98 247 95 223 94 103 88 82 93 68 85 134 92 242 91 139 80 153 72 226 65 235
3 15 823 99 46 97 207 90 74 95 226 98 116 94 29 83 149 96 47 93 85 92 88 91 216 87 46 88 162 89 79 81 113
4 15 817 99 104 98 230 97 222 96 34 92 48 94 17 95 116 70 30 91 181 89 46 93 172 88 98 90 47 87 82 84 1
5 15 809 98 115 99 169 96 100 91 196 97 55 92 61 95 97 94 92 77 147 89 199 90 221 93 17 85 98 73 66 81 160
6 15 808 98 67 99 186 97 115 96 21 94 190 93 231 92 1 95 174 82 124 89 148 80 226 81 210 87 51 74 72 91 174
7 15 820 99 167 98 142 97 105 78 110 91 30 96 123 93 39 94 193 89 65 82 175 95 166 87 44 92 57 90 4 86 91
8 15 800 92 191 99 206 96 197 91 124 88 115 94 8 97 193 98 31 95 195 93 42 85 235 90 190 45 175 82 97 89 83
9 15 818 99 83 98 144 97 28 96 76 95 218 94 227 90 19 91 86 86 8 92 30 80 48 88 96 93 231 82 244 84 84
10 15 812 99 154 98 206 95 34 92 88 96 134 97 133 91 16 88 184 93 78 79 21 94 125 77 208 86 145 87 175 83 29
11 15 787 99 73 97 136 98 18 92 139 96 126 94 216 93 2 95 86 91 130 86 176 90 4 89 79 17 200 87 100 88 137
12 15 802 99 111 98 221 97 136 96 5 92 228 94 93 79 95 95 112 88 40 91 63 81 100 93 35 84 235 90 135 61 238
13 15 825 96 150 99 109 98 12 83 107 97 92 93 77 95 157 92 61 94 2 90 225 84 194 89 237 91 209 87 21 88 92
14 15 813 99 235 95 89 98 19 97 231 96 23 92 166 94 135 86 38 76 163 90 220 79 230 82 197 91 188 88 146 93 214
15 15 806 98 245 94 195 97 226 99 30 71 213 95 244 68 94 92 115 96 29 89 157 91 151 93 5 88 199 90 164 83 224
16 15 805 98 119 97 190 99 72 78 209 96 209 79 40 94 242 91 247 95 62 93 200 86 83 92 32 84 81 73 79 88 179
17 15 811 99 162 98 171 97 68 95 75 84 117 96 181 90 204 91 128 92 68 79 163 93 57 85 114 86 185 73 30 94 160
18 15 799 99 234 98 48 96 235 91 27 97 206 95 216 86 149 90 1 92 154 84 93 94 102 88 14 80 15 59 72 83 212
19 15 817 99 161 98 250 97 83 90 162 92 123 96 101 94 146 89 216 95 146 80 179 88 150 91 11 93 154 86 10 74 125
20 15 773 63 87 99 231 97 95 96 151 98 38 90 178 92 28 94 51 95 162 82 226 54 214 93 193 64 138 86 92 87 232
21 15 805 99 118 97 241 98 33 96 147 95 202 93 181 89 168 91 179 94 184 92 97 83 121 90 50 65 217 75 127 85 180
22 15 817 97 104 98 50 99 234 95 154 96 87 72 96 93 163 92 210 87 184 94 160 82 150 88 40 91 188 90 231 89 105
23 15 817 99 150 98 181 87 1 96 115 91 177 97 128 90 29 82 24 95 211 93 36 80 190 84 92 89 41 94 132 88 232
24 15 809 99 173 98 115 97 224 86 7 93 174 96 76 94 100 91 192 79 102 95 118 92 227 89 176 85 225 67 133 88 13
25 15 782 96 148 99 191 97 206 98 135 84 92 72 150 95 73 92 142 94 140 90 109 85 8 93 151 83 98 56 151 71 181
26 15 821 99 201 96 53 98 99 91 238 97 144 90 136 95 91 94 151 93 76 92 154 86 55 89 185 83 70 87 121 79 147
27 15 795 99 126 97 230 98 96 96 131 95 67 91 109 74 69 83 205 94 218 77 57 90 192 73 23 82 40 92 238 85 56
28 15 798 99 204 98 65 87 207 95 132 94 194 89 83 97 103 80 161 96 194 93 249 67 19 63 154 90 115 91 87 92 26
29 15 791 97 94 99 37 98 153 95 199 96 127 90 233 92 197 93 181 94 225 80 180 89 247 85 158 68 119 59 61 84 159
30 15 823 99 165 96 130 98 102 92 113 95 188 97 187 90 19 81 155 94 114 87 204 82 53 93 37 89 158 88 81 91 235
31 15 791 99 126 97 223 98 101 93 231 90 206 96 80 82 174 92 96 95 243 94 124 88 50 91 20 63 52 89 211 52 250
32 15 793 99 148 98 143 96 14 91 91 97 73 94 46 95 73 92 31 76 70 90 4 89 24 93 86 85 92 86 39 41 49
33 15 798 98 181 99 224 97 29 96 221 92 2 94 69 93 110 73 79 95 76 85 214 81 23 68 154 91 193 87 110 82 123
34 15 793 97 92 98 64 99 224 93 106 95 92 87 182 96 229 91 173 89 2 84 212 72 53 83 138 69 133 78 109 92 38
35 15 814 98 96 97 140 99 50 93 208 96 13 92 193 95 97 94 52 89 90 91 163 84 12 90 122 86 173 76 102 78 24
36 15 784 99 49 97 160 98 157 96 72 24 148 95 181 93 219 91 27 78 124 94 90 92 234 90 35 87 91 88 145 86 82
37 15 763 99 189 98 54 97 191 96 207 94 135 55 49 88 87 92 157 85 196 95 179 89 146 35 154 90 237 87 124 72 158
38 15 803 99 167 98 65 95 127 97 15 96 233 92 239 91 27 80 124 84 201 72 209 78 204 89 103 94 61 82 84 93 65
39 15 811 99 159 93 177 97 25 98 247 95 35 94 148 91 235 96 68 90 19 89 27 86 15 63 240 88 185 92 179 82 126
40 15 821 99 244 97 230 95 231 98 164 96 3 94 145 92 134 91 88 79 164 88 232 89 131 86 156 93 108 85 82 87 176
41 15 808 99 144 98 208 96 106 95 215 97 35 94 149 90 182 88 32 92 6 77 201 79 154 78 2 89 174 91 46 84 94
42 15 817 99 228 93 250 97 100 98 8 94 90 86 124 96 90 88 8 92 153 95 21 89 245 83 68 91 85 77 128 85 18
43 15 815 99 95 96 147 98 151 97 204 95 93 94 248 78 147 85 60 93 25 84 53 88 64 90 143 89 179 82 33 92 163
44 15 796 99 124 98 88 96 177 97 28 89 164 93 66 94 155 92 53 95 135 87 223 79 88 57 28 88 54 91 27 72 232
45 15 827 99 143 98 206 92 210 97 19 84 16 96 117 95 132 94 244 90 140 87 126 93 166 86 233 91 196 88 234 89 42
46 15 784 99 10 97 205 95 43 98 67 72 131 94 138 84 96 96 217 93 122 92 17 91 108 86 2 63 104 69 20 78 101
47 15 806 99 131 95 195 98 31 97 217 90 246 81 58 96 17 93 84 94 84 79 35 69 75 92 129 87 171 88 214 86 95
48 15 789 98 211 99 16 97 118 96 163 87 186 91 171 88 182 95 105 94 151 71 55 40 119 92 246 85 181 90 226 93 168
49 15 805 98 99 99 86 96 203 97 10 92 35 95 172 87 235 93 232 91 125 90 58 94 24 89 94 86 121 77 190 59 245
