0 15 79 1 227 2 162 3 62 6 96 9 178 5 105 4 44 7 76 8 211 11 63 13 120 27 4 12 117 10 14 14 27
1 15 76 1 2 2 58 3 208 4 145 5 69 7 60 6 241 9 76 11 249 8 97 13 118 10 13 15 31 16 70 18 247
2 15 87 1 54 2 1 5 111 4 64 3 197 6 146 8 235 13 183 7 75 11 190 9 126 10 57 21 157 34 209 12 173
3 15 76 1 142 2 14 3 155 7 84 4 188 5 105 6 187 9 75 13 159 12 9 11 227 8 140 10 149 17 249 19 146
4 15 85 1 88 2 199 3 73 4 34 5 159 6 168 9 246 13 241 7 159 8 199 15 75 12 208 11 231 17 135 29 211
5 15 72 1 170 2 83 5 44 4 154 3 55 6 102 7 84 8 76 10 214 14 227 9 156 12 243 11 238 16 115 13 96
6 15 72 1 150 2 198 3 36 11 245 4 1 5 164 7 174 6 193 10 135 8 91 9 242 13 26 14 29 12 31 16 156
7 15 79 1 62 2 181 3 123 5 171 4 227 8 93 6 235 7 25 9 116 12 4 10 240 11 141 13 15 27 243 14 154
8 15 85 1 142 2 170 3 86 4 168 5 128 6 185 9 147 8 157 7 163 14 176 11 76 12 21 10 110 31 44 19 249
9 15 77 1 71 2 176 3 188 4 112 5 109 8 11 6 18 7 26 9 100 20 191 12 158 16 178 11 14 15 63 10 141
10 15 73 1 122 2 19 3 158 4 107 10 196 5 204 7 68 6 210 12 8 9 7 11 111 8 249 13 143 15 164 16 167
11 15 74 1 17 2 100 4 238 6 198 3 237 5 151 10 119 7 231 12 165 8 103 13 181 11 4 9 109 14 7 19 38
12 15 76 1 146 2 234 3 202 4 156 8 88 5 201 6 77 7 169 13 159 10 110 9 1 15 49 11 116 19 101 14 128
13 15 73 1 200 2 175 3 121 4 18 5 204 6 209 7 78 8 109 17 212 11 188 10 202 15 69 13 141 9 247 12 115
14 15 92 1 171 2 131 3 130 5 199 6 94 4 184 8 138 7 2 9 208 12 104 13 59 10 105 11 241 49 170 14 118
15 15 84 1 143 2 37 3 48 4 28 5 46 6 41 7 245 18 17 8 179 9 49 11 190 10 162 12 80 13 238 32 107
16 15 71 1 159 2 21 4 141 3 239 5 143 6 33 8 105 7 46 9 177 11 167 10 24 12 193 14 63 15 130 13 159
17 15 83 1 149 2 133 3 103 4 103 5 152 6 31 7 8 9 67 8 197 19 134 11 7 10 213 12 126 14 61 28 60
18 15 80 1 60 2 111 4 43 3 245 7 50 6 188 5 154 8 242 15 59 10 139 9 216 18 231 19 51 11 80 16 67
19 15 71 1 6 2 181 3 11 5 98 6 203 4 120 7 57 9 42 10 166 14 130 13 3 8 1 11 60 15 246 12 74
20 15 75 1 74 2 16 3 123 4 128 6 85 5 106 9 95 7 110 8 187 11 222 10 155 21 159 12 114 14 106 13 74
21 15 80 1 186 2 231 4 146 3 168 5 70 7 132 6 179 8 101 10 11 12 147 25 186 9 115 16 31 15 104 11 219
22 15 73 1 100 2 80 3 188 5 49 4 235 7 104 13 224 6 111 9 129 8 196 12 216 10 182 16 184 15 233 11 49
23 15 77 1 52 2 31 3 78 5 242 4 184 8 223 9 206 6 185 14 33 15 241 7 159 10 22 13 135 21 90 11 33
24 15 74 1 212 2 146 3 135 4 114 8 233 10 179 5 171 7 99 6 232 9 121 12 56 13 179 15 108 11 132 18 168
25 15 73 1 93 2 203 3 5 4 55 5 69 9 109 7 1 8 61 6 43 13 188 10 108 18 208 14 60 11 59 12 200
26 15 74 1 205 3 45 2 110 4 83 5 228 9 83 7 169 6 139 10 85 17 179 8 107 14 177 15 54 11 124 13 154
27 15 76 1 113 2 138 6 172 3 34 8 75 5 119 13 213 4 205 7 29 10 142 9 230 12 182 19 194 11 157 17 246
28 15 77 1 25 2 170 3 131 6 185 4 249 7 41 5 78 8 212 9 82 11 3 12 111 10 92 24 113 15 220 13 163
29 15 82 1 187 2 183 3 25 4 148 7 142 6 158 9 228 5 181 8 77 12 175 11 28 10 128 26 21 16 34 17 164
30 15 71 1 240 3 120 2 188 4 116 5 100 10 161 11 84 6 109 9 74 7 104 8 116 15 56 12 9 13 94 14 195
31 15 88 1 60 2 208 3 33 5 135 4 168 8 193 6 204 7 214 15 122 14 160 9 28 11 125 18 47 35 178 10 103
32 15 74 1 137 2 94 4 221 3 234 5 216 6 240 8 22 7 123 11 240 9 215 10 2 12 89 16 177 18 241 13 37
33 15 81 1 195 2 242 3 164 4 151 5 43 6 64 7 19 30 12 8 231 9 173 10 14 13 69 15 107 11 15 12 192
34 15 74 1 88 2 243 3 83 4 182 5 93 6 210 9 147 7 104 12 221 8 190 10 213 11 80 16 169 17 7 13 219
35 15 76 1 227 2 23 3 11 7 12 4 154 5 66 8 52 6 192 10 243 17 111 12 220 9 121 19 58 11 110 14 56
36 15 72 1 147 2 150 3 218 4 123 8 78 5 142 12 18 7 141 6 122 9 159 10 54 14 38 13 111 11 100 16 81
37 15 79 1 18 2 155 3 188 4 209 9 23 5 234 10 40 7 67 6 118 15 66 8 96 22 215 11 54 18 202 12 147
38 15 80 1 115 2 21 3 167 6 136 4 96 12 72 7 106 5 11 9 56 15 117 24 71 10 39 8 50 13 20 16 204
39 15 73 1 73 2 131 5 99 3 233 6 99 4 213 7 217 15 163 9 203 8 64 12 116 10 175 11 197 14 103 16 147
40 15 77 1 158 2 173 3 70 4 10 5 232 7 97 9 215 6 65 11 86 15 13 8 228 18 212 13 127 12 88 16 54
41 15 79 1 15 5 146 2 152 3 195 4 179 6 174 11 8 10 246 7 28 8 86 9 3 26 125 12 199 15 21 14 58
42 15 71 1 246 3 5 2 5 5 181 6 150 4 66 7 134 11 181 8 65 10 218 9 3 14 110 15 18 13 206 12 66
43 15 82 1 56 2 158 3 147 4 211 6 173 7 5 5 85 13 50 9 109 8 98 10 194 11 119 12 26 28 135 19 187
44 15 79 1 99 2 64 3 34 4 23 6 47 10 104 5 44 12 59 9 234 7 37 8 72 25 148 11 81 14 7 15 26
45 15 77 1 108 4 105 2 100 3 205 5 49 7 21 12 80 6 207 8 45 21 179 13 16 9 148 11 158 10 224 18 102
46 15 77 1 29 2 30 3 98 4 176 5 140 6 202 11 51 12 28 8 183 13 87 7 215 22 119 10 178 9 97 16 107
47 15 77 1 245 2 188 6 145 3 103 4 166 5 188 8 219 9 153 7 68 11 74 12 176 10 144 13 193 23 125 15 70
48 15 74 1 178 2 228 4 127 3 6 5 131 6 72 7 236 9 165 8 239 11 211 14 41 13 178 10 239 15 116 16 95
49 15 74 1 209 2 209 3 76 4 198 6 17 5 20 7 245 9 110 8 175 14 249 10 220 11 234 12 245 13 95 20 40
