0 15 833 100 210 96 159 99 113 98 225 94 76 97 11 95 123 93 73 91 80 92 58 88 138 89 8 90 171 83 10 84 154
1 15 794 99 158 97 5 98 98 93 135 96 62 95 166 94 85 92 167 88 185 90 5 87 242 91 142 43 173 85 62 76 80
2 15 823 99 69 97 145 96 35 98 166 95 195 93 105 89 62 92 213 86 45 94 69 84 129 91 97 87 233 90 44 82 132
3 15 825 99 204 98 233 96 116 93 55 97 99 95 45 92 80 90 152 87 11 94 159 88 3 89 18 91 186 82 166 85 63
4 15 820 99 249 98 122 95 35 97 117 96 170 91 5 94 135 93 147 92 236 90 61 89 176 83 221 86 215 76 22 88 134
5 15 804 99 83 98 83 97 248 96 187 93 119 94 146 48 5 95 8 92 83 91 131 84 54 87 85 89 29 90 17 88 19
6 15 821 99 64 98 46 94 88 95 93 96 128 97 152 93 156 90 53 91 75 88 219 92 29 87 23 89 63 79 26 81 53
7 15 820 99 245 98 43 97 79 96 216 94 123 88 175 90 144 95 174 92 83 93 239 87 9 91 171 85 95 86 171 76 156
8 15 822 99 144 96 154 98 143 95 123 97 174 94 113 87 159 92 117 93 55 86 13 90 5 89 26 84 139 91 236 80 133
9 15 822 99 156 97 41 98 154 96 130 93 93 95 52 90 203 80 231 94 192 87 181 91 171 92 103 88 149 82 239 89 206
10 15 823 99 40 98 58 96 41 97 99 95 250 94 244 93 65 88 70 91 156 92 106 79 71 89 176 85 199 90 25 87 23
11 15 805 99 81 98 168 93 79 97 136 92 186 96 160 95 36 94 125 91 197 69 33 90 100 73 209 79 15 87 167 89 23
12 15 824 99 19 98 117 97 41 96 162 95 187 93 140 94 103 92 145 90 5 87 127 88 205 91 42 89 75 84 166 82 47
13 15 806 99 247 98 156 97 86 96 102 95 179 92 173 91 59 94 138 93 176 90 244 81 2 88 167 67 64 84 203 79 206
14 15 824 99 106 98 97 96 221 97 180 94 163 92 196 95 44 84 223 93 68 90 59 89 23 85 98 88 86 91 3 83 120
15 15 827 99 91 97 67 98 105 95 53 96 134 94 232 92 111 87 234 91 162 89 35 93 105 86 68 88 123 90 190 85 126
16 15 819 99 236 98 96 97 111 96 163 94 104 95 132 87 159 93 56 91 208 92 29 90 118 84 87 89 161 83 180 78 145
17 15 815 99 70 97 223 98 127 96 247 91 104 93 19 95 129 89 91 92 231 94 79 88 100 85 76 90 48 87 56 65 244
18 15 823 99 69 98 62 97 179 93 88 95 14 96 216 92 6 94 18 91 72 88 124 90 185 87 43 89 230 84 17 80 59
19 15 822 99 166 94 10 97 27 98 209 92 101 96 139 95 143 90 176 93 93 91 198 89 37 87 99 88 182 85 42 77 19
20 15 824 99 126 98 158 97 170 96 211 94 50 93 113 92 20 95 108 91 76 89 103 81 142 90 225 88 212 87 205 84 91
21 15 826 97 156 98 127 99 118 89 47 96 183 93 154 94 221 95 31 91 114 92 23 90 243 85 137 88 84 87 223 84 169
22 15 820 99 130 98 181 97 58 93 179 95 11 96 232 92 163 94 217 88 17 90 220 85 145 89 221 80 102 91 67 81 139
23 15 824 99 82 98 230 95 205 97 90 96 172 94 213 93 216 90 157 91 182 84 174 92 58 87 241 88 2 86 206 85 6
24 15 827 99 127 98 180 97 181 95 237 85 90 94 97 96 64 87 49 93 109 90 90 91 75 88 134 92 243 89 94 86 142
25 15 820 98 9 99 4 97 22 95 112 94 59 96 212 92 2 89 5 93 116 85 221 91 28 76 239 90 96 87 132 86 225
26 15 824 99 155 98 91 96 42 97 148 90 57 93 202 95 84 92 202 91 32 94 4 89 186 87 119 88 32 81 161 85 45
27 15 826 99 99 98 18 97 49 96 156 91 4 92 39 93 227 95 245 94 237 87 41 90 30 85 198 83 203 88 30 89 211
28 15 827 99 193 93 40 97 176 98 197 95 165 96 234 90 173 94 35 89 74 92 229 87 138 88 78 91 221 84 117 86 7
29 15 825 99 101 98 232 97 205 96 238 94 179 95 174 84 107 93 172 83 158 89 189 91 92 92 24 88 74 87 104 90 110
30 15 826 99 53 97 155 98 134 96 136 86 158 94 246 95 116 92 152 91 232 89 8 93 31 88 214 90 80 83 92 87 4
31 15 811 98 212 99 181 97 6 96 29 95 28 93 241 92 180 90 4 94 193 91 47 89 2 86 145 73 146 75 2 85 77
32 15 827 99 202 98 185 97 87 96 29 93 85 95 135 89 155 94 61 92 121 90 238 91 138 86 35 88 169 87 40 85 200
33 15 814 99 120 98 169 97 127 94 67 96 83 95 114 89 54 93 182 83 66 90 121 88 205 86 211 91 140 77 126 81 206
34 15 822 99 99 98 245 97 244 92 211 91 183 96 145 93 57 95 33 94 154 89 135 86 110 88 69 90 170 76 76 87 27
35 15 827 99 1 96 185 95 76 98 248 97 35 94 143 93 15 92 163 91 116 89 77 88 125 87 125 90 61 84 27 86 237
36 15 821 99 178 97 89 98 186 95 135 94 82 96 204 93 186 92 72 85 128 89 153 88 189 91 172 84 224 79 22 90 233
37 15 826 99 61 96 116 98 94 97 179 92 183 95 152 94 207 93 226 87 194 90 129 91 219 88 76 89 100 84 41 85 22
38 15 823 99 236 98 42 97 98 95 34 96 132 88 108 94 140 93 20 91 60 92 126 89 32 80 90 87 222 90 9 83 227
39 15 815 99 1 98 171 97 19 95 99 96 233 93 59 91 174 94 134 92 96 84 16 90 59 87 202 89 62 83 216 72 110
40 15 827 97 44 99 107 98 193 96 15 95 3 93 168 94 213 88 172 91 76 89 178 90 94 92 38 87 44 85 59 86 37
41 15 825 99 183 98 193 97 50 96 8 95 14 88 75 94 246 92 98 93 108 91 249 84 117 89 157 83 223 87 144 90 66
42 15 827 99 188 98 191 97 187 96 245 95 49 91 82 92 152 86 129 94 40 93 71 84 82 90 89 89 40 88 147 87 25
43 15 827 99 20 94 221 98 227 96 177 97 15 95 154 87 143 90 1 91 189 93 219 92 250 85 104 89 198 86 57 88 110
44 15 825 99 35 95 218 97 237 98 137 96 215 92 167 94 143 86 114 93 117 91 221 85 16 88 238 89 213 90 108 83 69
45 15 820 99 72 98 9 97 145 96 16 95 219 94 229 87 124 91 186 90 181 92 211 93 203 88 134 89 29 86 89 72 13
46 15 823 99 151 98 63 96 80 95 144 97 38 94 247 89 205 93 158 92 185 90 218 91 237 82 70 81 117 87 37 88 74
47 15 803 99 172 98 246 97 147 96 238 95 77 94 107 92 187 91 202 89 96 93 126 90 54 69 223 76 201 72 192 88 78
48 15 815 98 101 99 170 97 68 96 121 95 189 93 70 91 2 92 54 84 135 94 134 89 55 82 200 90 132 73 206 86 211
49 15 821 98 28 99 71 97 54 95 210 96 54 93 160 91 218 94 233 81 47 88 50 92 20 90 92 85 45 89 109 82 140
