0 15 310 97 120 2 17 39 143 9 172 1 69 21 239 78 38 8 202 68 177 65 181 13 217 4 85 16 52 86 45 10 192
1 15 272 1 38 74 94 24 54 44 246 4 47 36 73 65 75 3 186 20 26 2 227 60 175 16 174 31 110 48 69 26 185
2 15 170 9 215 35 124 7 217 63 151 1 221 6 137 2 186 20 91 3 123 14 124 5 47 22 77 17 222 11 179 69 24
3 15 227 1 168 2 221 4 213 79 75 97 38 28 240 18 189 22 249 23 189 3 18 26 182 27 84 9 101 6 200 35 51
4 15 261 4 193 1 63 9 121 2 154 14 14 18 105 100 121 34 109 11 29 3 192 88 50 80 20 15 45 12 248 45 95
5 15 253 2 130 1 240 86 120 3 109 5 91 16 159 52 167 4 17 53 72 7 97 35 204 65 142 26 182 11 218 56 199
6 15 161 1 158 49 160 20 95 6 94 2 125 9 62 15 239 8 241 90 16 11 236 5 135 4 168 10 113 3 177 36 224
7 15 288 3 162 2 78 83 214 38 86 64 15 1 122 67 123 8 50 48 61 24 233 20 221 6 62 28 120 50 106 39 247
8 15 251 11 50 3 50 5 130 12 227 87 165 1 182 76 45 35 125 6 54 83 137 28 239 58 72 8 14 4 65 2 223
9 15 262 21 237 1 116 11 119 56 13 3 100 81 2 84 186 14 216 8 131 48 4 2 101 60 208 5 234 4 85 40 93
10 15 285 1 54 65 107 20 194 59 208 2 60 24 171 4 236 76 89 63 31 70 243 18 32 38 18 14 57 7 241 15 30
11 15 183 2 55 31 55 5 147 4 180 13 190 9 218 35 176 3 131 1 184 54 164 56 235 25 85 34 84 28 18 6 180
12 15 228 11 10 2 131 14 33 1 67 86 82 3 64 22 52 12 12 38 157 23 61 4 151 5 138 83 200 6 159 71 215
13 15 265 6 78 33 136 1 3 69 232 15 26 37 48 4 128 22 4 3 168 17 180 68 18 64 237 7 233 2 232 94 63
14 15 198 6 36 15 24 4 167 62 181 1 236 11 163 8 169 82 10 31 130 2 37 3 229 68 24 21 223 5 143 12 29
15 15 163 1 112 18 128 12 47 46 177 42 179 13 39 14 92 10 17 5 228 20 134 32 34 2 151 4 125 45 198 9 70
16 15 232 89 168 71 162 3 9 31 226 11 231 30 160 2 95 1 90 38 124 28 54 16 119 15 34 29 56 18 219 5 184
17 15 239 4 239 16 117 23 110 5 5 13 176 42 95 1 234 43 105 9 39 2 145 12 31 61 29 76 101 36 197 57 149
18 15 206 12 223 7 58 71 76 21 64 2 77 10 191 13 8 18 11 68 2 48 86 1 198 3 135 4 178 50 230 17 239
19 15 251 10 189 55 224 18 180 2 28 60 147 6 211 42 42 54 139 1 26 28 247 82 45 27 114 11 236 8 41 15 195
20 15 239 50 210 75 147 9 190 17 112 2 29 23 246 72 223 7 250 10 78 6 8 1 201 16 84 15 222 92 63 5 140
21 15 251 8 216 3 244 11 102 7 84 1 161 91 69 81 25 30 195 27 6 57 158 19 212 2 228 4 3 58 59 20 203
22 15 239 65 131 35 171 1 118 53 150 70 117 2 125 3 234 39 99 32 198 4 17 5 71 7 141 6 224 9 86 69 146
23 15 242 18 123 5 203 2 158 33 68 3 218 66 217 88 62 13 18 97 56 20 156 9 222 30 100 4 132 1 165 16 166
24 15 253 12 105 65 163 94 29 56 231 22 68 1 46 2 68 30 184 37 111 6 35 25 173 38 27 16 206 3 179 15 141
25 15 221 51 186 1 86 17 105 3 160 2 161 81 131 34 80 25 142 38 135 11 227 7 167 14 210 12 36 10 28 63 110
26 15 244 20 118 3 219 1 1 22 182 52 221 2 167 60 216 68 86 5 45 78 243 6 199 35 228 9 197 38 19 8 225
27 15 278 6 176 75 126 2 25 3 118 82 179 1 168 4 20 13 95 70 189 34 86 16 137 23 87 40 43 59 50 37 142
28 15 356 4 43 52 230 21 137 51 1 1 87 86 237 19 242 61 99 3 214 99 53 91 138 2 24 82 131 17 77 6 246
29 15 242 3 113 11 175 6 203 1 42 22 74 69 23 8 19 31 147 34 124 60 57 71 38 18 70 5 70 13 183 53 228
30 15 256 3 76 5 163 13 77 7 146 18 111 6 74 1 102 32 98 42 72 36 183 58 242 43 32 71 76 26 120 67 9
31 15 187 15 15 1 209 17 132 4 28 5 63 52 39 12 207 3 52 6 155 68 240 65 139 8 52 2 125 34 188 21 193
32 15 258 38 86 66 173 1 99 9 172 3 156 19 185 5 132 11 231 2 117 75 126 54 10 15 209 26 58 21 34 86 241
33 15 262 38 96 2 208 1 78 4 86 40 151 3 239 29 143 72 42 5 79 41 114 7 196 12 75 81 102 94 33 9 90
34 15 198 1 160 2 132 23 117 4 49 13 205 25 165 70 168 12 64 7 59 65 26 9 122 34 111 26 212 3 198 37 247
35 15 422 87 47 2 219 50 45 1 64 16 145 85 22 5 192 32 239 98 176 77 55 48 100 45 83 74 20 81 78 3 70
36 15 272 39 168 34 2 13 105 5 25 3 143 1 79 2 93 73 237 12 75 36 75 45 105 86 34 8 128 94 193 4 242
37 15 243 43 188 6 235 5 101 2 173 1 151 21 72 81 209 4 173 36 235 31 249 17 210 54 97 3 109 57 100 45 22
38 15 264 28 29 47 138 18 150 1 235 4 159 77 176 15 167 42 160 19 167 22 196 6 209 88 119 5 11 2 138 67 53
39 15 242 9 67 75 100 2 207 50 127 1 164 11 196 40 243 33 76 57 209 13 139 3 33 25 221 61 28 15 47 10 6
40 15 178 4 16 5 40 80 71 7 243 37 125 1 94 21 27 2 27 16 59 68 144 8 41 9 202 11 201 23 192 6 163
41 15 203 9 105 1 116 5 1 77 46 7 194 52 45 11 232 19 189 6 248 4 90 15 59 91 33 2 59 38 225 3 94
42 15 265 29 107 63 158 98 74 7 244 1 206 27 246 2 225 8 137 44 105 17 177 31 230 21 221 79 189 6 86 9 179
43 15 191 24 193 31 59 88 95 2 203 40 206 1 248 3 64 7 163 28 47 5 100 15 160 8 9 9 141 4 155 54 15
44 15 244 2 33 31 89 14 177 65 179 3 230 18 115 1 177 19 51 9 227 55 44 40 14 78 236 10 70 35 63 27 14
45 15 261 23 108 6 154 14 51 88 193 1 203 5 30 13 246 11 249 24 193 42 205 70 69 66 41 4 158 2 31 67 245
46 15 238 66 35 1 189 8 173 9 61 27 168 5 85 2 64 12 9 24 29 46 114 69 145 3 63 10 20 40 170 75 30
47 15 247 24 243 10 75 1 217 14 243 2 151 54 23 41 203 87 119 12 68 5 227 39 41 4 220 3 43 38 193 79 168
48 15 197 2 210 33 24 1 220 34 233 6 159 8 122 10 33 23 41 18 144 67 100 24 89 4 4 21 132 73 120 5 187
49 15 221 10 65 43 248 14 33 8 204 31 177 69 66 1 110 2 152 4 123 3 82 37 216 55 10 7 10 13 225 73 121
