0 15 719 96 82 97 250 99 154 61 47 53 65 94 237 78 82 100 109 74 135 55 110 80 198 92 29 67 239 73 144 81 161
1 15 729 99 243 95 249 97 234 98 247 82 137 86 181 96 71 71 227 31 202 34 7 94 195 90 89 83 154 85 163 75 181
2 15 683 12 200 98 77 96 147 60 206 89 235 80 203 67 110 95 164 91 56 63 109 99 35 83 207 92 149 45 106 70 78
3 15 688 17 82 84 245 97 209 41 38 95 92 66 64 99 61 88 192 91 142 79 109 64 99 93 167 70 183 96 140 68 19
4 15 625 96 181 80 6 49 157 97 15 93 181 99 100 3 78 86 222 98 171 75 228 74 250 11 135 82 154 95 235 4 138
5 15 635 97 18 90 32 95 116 94 3 8 116 63 22 99 107 93 31 76 134 67 119 53 209 86 28 10 170 31 181 98 39
6 15 797 84 3 88 175 95 163 89 124 98 133 97 163 92 158 99 63 91 102 87 122 75 238 83 128 76 110 90 114 85 111
7 15 631 31 172 95 108 96 101 32 161 98 227 97 159 53 147 25 155 90 249 5 166 75 244 85 1 92 29 99 30 79 19
8 15 622 62 171 89 138 98 138 28 116 15 25 94 39 68 95 64 194 96 52 69 189 99 11 56 83 35 102 73 58 92 123
9 15 750 94 233 68 187 86 227 96 22 78 164 91 196 98 60 95 39 90 208 97 87 73 132 93 28 99 134 88 4 5 189
10 15 622 98 171 97 11 93 170 92 67 11 162 96 50 91 238 51 214 59 52 94 46 15 146 84 21 13 151 69 175 75 58
11 15 561 85 17 98 87 99 143 54 175 15 43 18 205 13 159 96 53 80 236 20 49 95 84 34 12 97 129 93 10 39 23
12 15 736 91 117 96 180 77 28 80 233 92 57 98 119 61 170 88 134 95 152 43 17 83 16 68 32 97 231 65 28 93 103
13 15 584 4 34 97 178 45 88 90 94 80 4 70 13 76 12 24 26 48 77 57 66 53 220 96 176 65 209 82 65 88 230
14 15 609 93 9 51 81 45 133 98 18 99 200 91 193 24 137 40 211 84 237 92 182 1 73 97 246 31 231 80 48 90 156
15 15 661 80 44 90 25 84 176 97 121 82 83 62 8 99 120 94 134 64 126 89 170 55 103 26 188 5 173 91 115 85 43
16 15 640 99 143 50 60 59 135 96 224 71 30 65 127 97 152 79 173 51 206 83 222 22 78 94 136 41 53 93 227 68 6
17 15 664 92 18 99 174 97 144 96 97 94 100 71 29 90 101 88 90 95 38 70 246 53 176 14 130 81 181 28 38 39 41
18 15 678 43 141 95 174 22 53 90 236 98 148 51 73 96 41 58 215 99 69 97 153 88 116 63 249 89 189 92 88 50 236
19 15 613 5 231 99 166 86 225 95 167 44 50 91 167 63 61 97 180 42 105 94 54 83 35 96 9 41 51 50 169 37 230
20 15 623 93 245 99 156 40 155 97 240 98 209 17 115 96 86 81 77 82 102 90 46 72 248 87 107 77 235 9 200 2 188
21 15 575 12 153 37 142 91 167 48 86 92 104 85 145 63 126 29 108 98 217 96 185 97 87 10 200 32 248 77 106 93 174
22 15 654 80 58 96 45 58 235 95 245 77 168 92 81 88 236 60 58 87 89 36 47 4 94 54 76 99 111 93 39 72 168
23 15 672 94 245 77 239 28 75 96 174 99 214 80 91 84 69 36 94 90 17 87 77 47 89 91 158 69 243 46 204 97 27
24 15 568 85 115 98 91 75 171 99 106 80 109 3 31 94 88 96 54 18 148 79 39 4 150 40 222 11 104 83 18 82 231
25 15 719 88 240 94 229 91 58 36 186 97 53 89 227 93 172 56 73 96 13 98 161 99 29 20 155 75 186 90 189 78 5
26 15 622 93 22 39 110 99 121 89 97 76 33 97 240 95 106 57 146 79 48 85 44 35 14 1 171 98 5 21 187 73 50
27 15 590 97 155 99 31 90 15 70 169 98 189 83 224 48 65 76 34 64 28 21 73 47 193 8 90 36 70 57 32 91 44
28 15 574 94 216 82 114 64 48 72 17 69 17 99 118 97 147 6 77 96 218 34 6 36 213 3 53 63 246 53 20 90 225
29 15 621 98 136 68 127 48 2 99 197 70 12 94 137 96 91 91 59 54 114 89 104 30 55 6 23 80 56 64 17 49 32
30 15 600 93 106 75 165 95 142 16 116 90 154 99 246 81 203 24 145 85 24 97 140 9 5 51 9 78 169 91 203 17 68
31 15 682 24 158 85 57 98 108 44 159 89 156 97 116 94 121 86 28 81 55 68 118 88 162 14 79 90 154 87 233 93 59
32 15 685 82 89 96 219 63 250 91 129 97 37 98 80 81 228 89 64 84 192 15 135 71 11 92 107 40 211 75 116 69 168
33 15 674 17 207 88 175 98 90 84 203 97 175 99 95 91 147 68 73 96 68 81 64 35 120 85 23 45 121 67 121 73 200
34 15 574 60 116 81 160 97 141 84 62 99 60 15 230 40 83 83 229 75 163 30 67 17 144 59 69 98 220 24 209 95 240
35 15 661 99 159 94 147 98 210 51 110 58 220 96 86 86 246 14 81 23 151 90 32 36 85 97 51 82 79 84 81 95 32
36 15 666 98 89 95 244 29 82 99 162 76 11 52 61 96 176 86 54 19 79 53 200 88 124 97 113 92 105 40 99 91 64
37 15 562 15 35 77 105 51 113 39 227 54 246 14 204 62 164 83 199 92 231 16 119 98 71 55 141 96 53 97 197 89 92
38 15 709 98 85 54 180 91 172 97 116 88 130 32 174 99 28 80 19 29 65 78 103 82 100 93 54 94 207 92 57 76 113
39 15 616 97 119 81 183 77 165 42 180 38 153 62 159 98 200 79 232 52 48 83 22 17 231 84 175 93 175 86 202 39 242
40 15 580 99 234 7 37 97 190 96 169 32 54 73 163 84 54 39 220 1 114 86 225 91 51 33 125 71 160 79 153 80 104
41 15 674 2 81 80 103 60 75 93 225 96 250 97 128 82 150 46 112 92 203 77 203 34 31 78 195 91 222 98 193 99 4
42 15 613 99 46 94 194 97 137 61 178 81 28 49 219 32 225 96 109 75 64 29 21 1 72 98 199 95 141 46 82 69 60
43 15 567 20 213 50 31 87 120 2 172 55 185 17 81 88 224 69 167 64 110 98 152 94 209 54 210 93 156 99 17 56 173
44 15 606 91 221 98 44 28 70 8 53 92 10 97 202 73 23 99 10 75 170 95 101 1 250 90 194 33 240 67 183 64 198
45 15 639 99 62 97 93 73 233 7 76 93 225 98 107 86 97 81 56 46 85 74 191 56 170 85 227 70 17 41 62 60 49
46 15 662 95 205 98 76 38 111 51 204 41 64 94 97 84 110 79 221 61 70 99 67 83 52 35 51 88 34 87 26 71 35
47 15 712 22 59 97 141 92 212 68 164 98 240 87 17 90 144 74 159 95 31 81 86 77 184 43 100 99 111 91 233 73 220
48 15 658 96 112 99 179 92 115 7 59 90 171 97 187 52 132 98 20 86 45 74 42 38 42 16 84 72 122 93 13 88 91
49 15 628 91 77 98 64 70 38 42 129 94 52 96 62 77 80 87 120 20 240 84 34 85 197 19 7 18 105 67 141 99 141
