0 15 4284 145 131 465 90 796 66 408 70 154 156 436 7 575 71 900 85 518 113 839 130 158 212 127 82 721 71 243 52 656 106
1 15 5211 4 50 589 70 992 134 385 149 555 38 55 92 795 231 412 194 815 32 659 5 513 66 216 140 749 186 960 241 987 217
2 15 4213 448 241 767 36 810 8 771 195 156 177 84 62 19 128 543 32 924 209 63 184 714 76 101 179 567 99 865 128 191 203
3 15 5937 845 138 545 111 26 207 720 148 253 227 825 86 789 93 566 183 976 91 743 39 774 206 966 124 385 134 722 101 761 162
4 15 5386 155 207 901 200 567 28 758 36 426 10 513 250 697 153 444 12 687 169 454 179 809 227 885 24 452 121 657 173 573 20
5 15 5347 436 227 726 189 778 145 966 35 282 243 896 146 344 93 798 37 854 86 206 58 265 14 886 1 140 88 473 148 862 45
6 15 4886 269 150 123 245 338 151 991 155 435 22 750 81 418 93 275 67 880 128 403 187 787 19 802 25 871 191 362 93 441 75
7 15 4592 387 209 224 9 55 163 761 45 920 48 317 169 230 86 504 152 992 233 406 178 770 174 146 44 522 109 988 64 433 226
8 15 4008 23 9 587 179 273 97 474 192 894 142 212 123 579 223 626 230 316 109 988 244 730 13 325 227 409 96 85 146 160 119
9 15 4041 122 34 877 208 962 2 54 37 693 50 280 155 422 108 229 150 88 44 360 75 639 191 189 213 667 97 161 1 993 70
10 15 5030 971 114 205 200 173 166 701 78 953 143 877 232 649 151 90 229 50 29 125 11 955 13 201 143 726 117 740 238 969 84
11 15 3892 557 189 549 11 138 221 278 88 298 82 583 27 166 231 177 107 812 78 487 186 338 191 50 140 935 127 756 26 364 224
12 15 3817 109 170 662 157 32 50 729 162 989 27 243 71 905 158 154 81 366 215 10 102 252 199 292 51 588 79 428 195 604 143
13 15 5204 418 65 415 181 721 196 582 200 107 173 828 202 493 232 461 146 164 77 962 25 678 65 223 72 866 162 900 145 856 3
14 15 4807 139 125 567 53 407 140 999 91 441 207 263 18 158 5 351 221 753 116 797 66 390 224 631 214 795 98 477 194 844 184
15 15 4525 549 232 660 217 535 66 458 135 758 148 693 20 517 203 127 219 173 231 84 219 648 75 442 28 788 89 477 14 634 172
16 15 4378 947 182 654 208 1 40 24 208 776 133 708 218 505 224 670 131 443 194 213 128 162 110 703 206 490 240 896 216 106 29
17 15 4648 990 154 63 143 362 63 534 237 872 59 869 181 128 123 155 150 355 199 343 169 826 107 779 28 164 120 370 59 937 77
18 15 4220 587 176 230 1 920 193 63 203 31 37 113 2 217 241 976 223 742 81 671 84 601 99 292 129 728 205 350 97 513 37
19 15 4646 275 202 212 107 452 132 799 117 584 80 505 49 433 221 641 158 796 132 90 68 465 191 666 109 421 246 563 21 842 178
20 15 4402 57 219 879 18 325 182 751 123 548 187 304 52 735 236 125 125 496 170 756 85 89 72 275 5 680 196 500 243 818 193
21 15 5393 22 226 161 150 493 235 933 96 960 231 282 115 884 16 703 110 742 198 631 247 782 220 420 159 826 100 456 177 694 23
22 15 5114 369 215 498 132 966 92 718 148 937 29 730 218 644 114 585 198 325 76 895 206 174 176 675 94 436 250 45 141 528 90
23 15 3706 163 146 804 12 129 121 354 97 18 142 227 248 212 120 713 148 567 37 474 63 344 249 841 120 944 26 221 90 167 248
24 15 4930 429 79 644 232 693 124 352 46 322 222 39 49 469 250 770 33 398 189 921 223 501 15 573 91 634 17 617 105 856 33
25 15 5822 602 35 463 97 868 7 721 72 904 42 293 193 942 113 544 212 997 191 400 167 515 2 533 88 593 167 956 61 373 163
26 15 4754 695 76 799 157 275 19 16 245 590 169 388 234 861 182 346 155 393 92 697 144 610 212 395 143 651 237 661 106 547 33
27 15 4763 120 93 710 169 750 234 937 117 330 26 35 70 111 146 751 58 652 143 501 98 638 110 911 32 604 61 371 14 518 19
28 15 3956 648 138 862 108 556 213 341 94 79 171 721 113 92 81 360 92 638 11 336 138 711 223 247 121 356 203 182 226 466 199
29 15 4997 995 114 336 208 823 243 170 15 86 248 537 56 712 128 988 174 469 125 434 54 762 144 128 111 765 234 563 48 561 130
30 15 3811 348 157 845 184 114 167 278 33 182 216 882 218 521 196 698 111 369 166 485 154 322 99 650 51 311 164 284 225 63 197
31 15 4588 604 160 103 51 445 217 467 223 851 250 790 85 70 162 382 17 522 102 284 7 255 105 957 154 406 17 669 41 843 231
32 15 3525 237 196 493 192 246 187 260 65 11 212 64 50 546 235 462 29 251 233 380 35 341 135 491 149 890 248 915 59 289 109
33 15 4452 641 127 907 133 568 152 422 179 432 141 984 84 538 218 45 67 71 129 548 207 72 182 447 220 424 195 987 84 335 95
34 15 4560 974 211 1 209 131 5 880 59 424 61 301 157 894 89 227 40 655 149 21 202 605 92 736 51 163 11 745 1 844 181
35 15 4900 596 67 642 198 275 124 804 154 784 228 817 85 986 62 923 64 352 179 212 224 482 168 167 69 219 79 79 65 830 172
36 15 4014 746 27 91 239 76 115 214 130 871 247 459 39 433 46 100 105 712 53 635 25 526 117 443 192 685 13 373 116 327 54
37 15 3830 37 174 330 127 514 7 844 227 988 214 76 196 104 8 594 203 215 55 6 99 579 133 317 123 927 104 385 49 469 64
38 15 5654 852 107 839 33 984 103 641 179 431 129 244 6 426 97 366 19 549 80 675 156 780 106 141 97 978 67 802 113 717 20
39 15 5099 778 170 126 116 804 211 320 194 991 1 72 234 608 248 580 223 868 231 552 43 738 184 148 128 780 125 296 81 839 12
40 15 3490 202 116 283 179 232 86 492 153 530 232 653 203 716 113 450 147 585 68 127 239 212 115 172 109 94 53 835 140 235 174
41 15 4747 753 186 641 36 466 224 473 207 127 2 439 131 307 6 743 108 152 78 777 131 168 238 847 191 346 190 993 181 681 227
42 15 3489 206 184 14 96 821 229 70 43 436 48 647 226 678 203 731 171 60 234 100 87 864 119 824 210 309 22 2 153 54 182
43 15 4917 879 9 467 244 456 37 722 25 932 9 72 78 734 102 882 66 522 191 402 121 129 117 591 55 679 149 178 180 551 231
44 15 5180 713 31 841 32 24 46 170 245 173 101 606 96 678 191 697 161 859 70 852 10 542 82 876 132 988 54 30 165 585 80
45 15 4573 395 150 712 87 181 235 883 100 832 55 451 187 2 230 479 199 391 87 620 94 948 162 277 74 293 15 729 73 429 166
46 15 4156 254 176 315 68 762 245 52 246 844 133 402 146 671 154 126 2 454 118 838 73 461 36 234 237 961 129 1 41 553 32
47 15 4515 706 56 957 20 475 70 866 27 66 210 761 217 355 34 222 82 285 175 699 224 100 11 259 83 248 71 563 100 964 115
48 15 3703 733 169 273 189 41 247 111 156 176 217 386 244 674 169 216 5 453 242 556 28 341 66 537 26 665 209 588 117 422 203
49 15 4237 349 193 975 140 483 221 500 240 346 27 59 231 20 232 251 87 588 55 829 245 332 169 913 220 194 77 679 134 545 202
