0 15 392 33 344 1 1211 22 1302 97 1760 72 608 18 663 45 313 24 1345 38 516 30 971 21 893 66 690 53 1862 67 739 68 1156
1 15 493 62 1500 51 1462 72 1116 58 883 87 1618 1 602 14 213 25 1711 2 1092 92 173 64 584 90 654 89 903 27 970 88 822
2 15 505 78 401 35 1301 16 893 84 1455 62 436 56 875 48 632 85 201 23 629 25 39 64 1766 92 1352 68 215 90 542 17 1163
3 15 389 71 1218 97 371 85 641 6 891 2 1341 98 729 40 1929 65 893 4 293 17 394 57 1383 8 402 51 1086 43 544 5 1614
4 15 458 71 1302 37 908 42 1242 98 1796 35 1448 24 1274 28 188 66 1731 81 135 69 1560 44 622 63 981 65 106 20 705 22 408
5 15 464 64 1216 49 114 11 583 61 1534 9 1288 21 374 71 553 60 1846 89 728 58 785 50 1320 65 714 77 999 34 1496 56 1256
6 15 429 55 371 71 1904 84 1833 38 44 66 1398 72 1054 43 631 51 1583 11 1008 67 1060 79 484 25 456 34 810 3 241 17 558
7 15 451 12 1239 13 1095 71 2 91 788 100 1174 78 1523 79 920 5 181 2 215 89 1221 26 219 56 102 74 1889 29 130 28 1886
8 15 443 93 567 50 187 89 1051 29 777 54 1354 72 132 73 829 65 1126 43 1853 46 1021 23 401 22 1097 42 385 25 1123 13 662
9 15 392 15 631 63 753 19 1113 82 1747 35 1100 38 819 24 1066 83 1202 61 1687 47 1481 9 300 2 1557 93 987 33 415 51 1346
10 15 390 29 33 8 1733 3 873 14 750 87 1201 49 1376 71 1925 94 205 26 1254 43 1024 34 703 75 1687 12 967 25 944 81 427
11 15 509 42 361 59 49 94 1462 73 959 11 59 87 1233 80 1789 12 1833 83 1188 18 1086 62 604 49 181 81 992 13 407 85 274
12 15 394 66 34 19 679 6 29 89 1717 92 1651 55 476 38 434 17 501 18 999 40 1535 36 902 90 484 34 822 28 1346 29 164
13 15 420 71 446 97 689 24 1855 70 364 23 313 66 1777 40 1055 62 1756 56 1179 7 1947 65 1894 6 730 33 728 9 1979 72 1949
14 15 524 53 1621 90 228 75 411 43 1749 23 1308 77 1862 63 438 70 270 68 1076 16 1032 69 1416 89 1698 58 378 30 679 50 1668
15 15 484 2 1476 78 596 24 1152 4 1452 65 618 89 1334 39 208 9 1806 91 1730 73 879 79 1973 95 737 50 1569 66 1028 44 415
16 15 428 47 297 42 1476 93 1465 27 1148 16 1992 17 1156 25 1355 15 86 60 1305 67 733 83 297 5 1429 33 1406 98 150 86 1993
17 15 536 16 184 41 1157 60 1885 73 286 84 240 29 1500 95 306 54 1109 91 14 65 909 98 1300 5 154 28 590 59 77 96 421
18 15 427 59 880 62 1867 39 1298 40 1176 82 1431 5 181 78 110 87 638 52 1752 3 1760 49 702 16 1002 81 257 12 1858 48 1608
19 15 448 30 1706 87 43 72 1377 41 763 52 374 94 356 6 1371 17 292 8 1668 95 1762 79 1595 63 1447 96 596 3 1860 5 1050
20 15 508 19 1434 7 657 77 1031 33 1169 93 936 94 338 44 799 60 460 43 68 80 1837 81 610 32 644 56 379 39 1759 90 43
21 15 451 8 408 28 1915 64 1304 45 1448 24 1089 84 717 79 27 16 1838 38 1310 57 1317 98 438 27 929 33 334 60 671 92 601
22 15 424 65 900 9 892 66 424 48 462 72 1723 2 607 40 1680 85 307 18 1822 68 1774 91 1465 11 1769 46 1643 5 665 81 1445
23 15 391 65 1325 62 1141 24 1775 64 1946 76 1970 37 1356 6 1395 25 1479 50 1321 27 1913 89 1572 7 1543 28 924 88 1684 4 1884
24 15 391 1 680 97 1541 3 971 4 1201 46 1225 37 353 30 1332 29 8 93 1279 71 1191 69 1442 63 121 20 750 5 1376 85 205
25 15 412 55 181 97 1310 51 1000 10 149 24 798 53 753 81 1134 12 1174 92 1396 54 1561 38 1402 23 1310 74 1325 14 1501 9 1670
26 15 461 7 842 66 1216 44 1117 77 844 40 875 97 444 55 1182 8 880 45 699 76 1898 59 1465 51 482 26 1776 58 240 61 1183
27 15 454 7 379 50 3 95 827 46 1187 1 894 82 1407 75 1889 39 19 88 1266 68 846 19 1679 94 1836 22 654 59 504 12 1789
28 15 412 53 314 35 79 60 821 31 53 3 1890 28 691 98 1278 45 766 76 1226 36 154 32 729 42 230 2 995 88 905 58 1428
29 15 360 10 1972 62 940 31 1883 23 1535 37 1312 14 79 91 512 9 687 29 184 12 664 89 1343 44 1030 72 146 76 1211 2 34
30 15 427 38 1911 5 52 3 1487 86 625 73 1322 88 1387 52 830 50 1460 16 1878 43 1427 41 332 69 284 13 693 81 89 55 183
31 15 448 22 1245 93 478 96 1647 64 1933 71 1688 6 558 74 1357 87 1323 17 1254 11 680 92 1142 1 728 7 845 8 1295 99 1690
32 15 419 68 343 35 245 90 1781 60 1922 4 247 27 1313 73 884 47 52 5 899 62 985 56 1137 17 1562 81 1577 8 1079 66 975
33 15 428 74 1752 71 115 33 482 37 288 80 1915 52 1150 51 99 53 956 97 415 40 338 22 1428 7 1035 8 1983 42 838 48 1568
34 15 385 11 1352 90 1078 36 1971 14 1523 50 1380 22 154 30 1773 4 82 28 1600 48 1019 89 321 46 695 55 205 77 1948 42 277
35 15 507 67 5 28 1356 82 863 78 547 85 1080 26 1858 33 807 30 188 41 709 87 440 27 427 61 524 22 467 98 415 81 126
36 15 421 53 1989 7 1267 66 1753 3 745 30 1861 29 1189 42 516 51 654 68 629 81 1980 54 447 32 703 61 353 93 478 33 1481
37 15 462 36 800 99 140 54 595 22 1014 24 1710 8 1791 38 1758 97 1357 29 1689 90 782 35 474 47 826 64 1191 56 849 72 43
38 15 493 22 535 53 1116 56 519 91 765 26 182 54 1835 30 962 72 1558 50 814 36 1287 34 464 90 25 71 690 48 514 89 1569
39 15 435 48 1841 84 455 11 1075 19 436 8 472 70 937 85 1194 94 435 7 1536 93 61 4 108 2 780 79 591 27 1444 95 843
40 15 445 20 430 97 182 56 867 18 1463 90 1239 51 1474 32 1596 8 790 31 1830 34 1192 85 542 93 1364 72 1684 42 1267 14 1288
41 15 506 61 785 17 1757 67 1925 75 1584 87 664 74 138 37 1958 33 397 47 1216 78 1181 7 1514 99 1229 45 1534 70 1163 48 57
42 15 427 23 1632 25 1731 98 49 5 533 88 1720 7 277 56 1664 61 604 10 1576 81 1942 82 694 15 1833 22 1911 66 1043 73 565
43 15 494 51 695 97 1576 25 1146 76 1481 79 115 85 391 8 1400 52 11 61 679 44 103 89 469 45 863 80 562 5 1804 27 1356
44 15 373 99 1675 83 1275 20 1610 56 498 25 1955 34 115 14 1633 18 1725 94 249 48 1261 8 716 5 1070 47 666 27 1603 44 1034
45 15 385 1 1818 68 1727 38 277 34 1135 41 1369 54 1353 37 930 46 285 49 1393 45 757 61 1 78 259 67 1856 10 1241 13 628
46 15 473 8 40 17 185 73 751 37 365 71 1356 19 1824 93 148 21 29 97 714 74 1805 26 1574 34 1784 92 542 45 1754 82 1957
47 15 403 33 1690 48 349 26 1573 99 762 37 1922 18 1155 97 1862 3 1417 42 351 82 1815 7 7 41 840 43 684 81 1787 15 95
48 15 338 69 1204 43 1869 29 367 20 542 3 1241 11 1458 37 872 12 753 14 1814 87 1280 93 1372 59 1735 8 892 73 1196 6 320
49 15 470 17 1961 14 585 89 1480 4 1930 82 1144 93 1591 32 164 2 1937 29 515 23 1261 86 1467 84 345 54 1391 88 1426 87 345
