0 15 2641 356 219 23 44 174 126 497 4 432 8 382 4 216 220 412 97 295 237 458 125 22 76 252 250 287 2 253 211 344 124
1 15 2343 417 199 444 42 94 220 90 223 200 200 105 55 415 74 216 11 221 203 320 95 76 146 449 178 432 52 32 245 395 155
2 15 1992 13 196 450 54 39 169 72 231 494 22 32 98 428 48 23 144 160 243 198 230 440 125 477 138 52 10 439 83 4 186
3 15 1936 89 17 131 141 320 169 161 244 1 154 367 32 103 44 329 126 437 91 220 236 159 111 296 148 14 55 189 199 411 124
4 15 1255 37 29 4 29 98 24 440 193 377 195 59 158 48 103 89 25 141 179 96 127 100 5 247 4 102 153 192 50 63 167
5 15 1914 439 91 420 217 291 46 8 233 172 203 42 181 352 144 371 126 34 151 323 12 102 77 100 98 433 202 1 124 103 165
6 15 2383 41 41 256 62 110 148 459 117 232 232 421 125 413 22 370 135 499 6 138 72 267 239 250 219 87 182 272 189 158 124
7 15 2035 353 50 267 210 361 126 209 172 344 191 153 15 65 167 388 37 52 137 42 189 208 58 279 207 26 217 491 47 155 148
8 15 1633 23 110 197 39 171 159 16 130 80 211 172 233 327 88 149 215 374 52 101 165 240 160 75 121 468 202 87 208 242 207
9 15 2486 123 203 153 13 62 130 354 243 340 25 225 167 465 226 233 88 277 185 105 119 196 31 239 163 482 75 473 82 418 179
10 15 2110 56 222 82 68 345 245 447 50 339 139 427 64 157 141 141 139 80 19 73 36 137 18 66 227 282 150 404 4 481 173
11 15 2015 183 37 395 116 206 91 110 153 140 198 291 168 363 197 308 105 187 240 124 111 127 112 230 193 339 11 92 94 265 174
12 15 2305 266 49 312 12 414 18 102 125 22 94 174 164 11 37 462 171 243 148 410 116 258 36 478 89 80 168 349 23 261 215
13 15 2876 299 128 115 110 390 28 479 241 402 102 436 178 15 197 464 226 117 206 475 128 424 84 265 3 422 197 272 21 219 32
14 15 2123 87 17 261 202 479 150 81 59 493 85 161 178 262 175 226 77 3 194 134 227 71 57 61 188 334 134 432 104 454 65
15 15 2243 43 73 76 244 301 77 176 109 421 10 121 201 271 46 426 97 150 120 481 228 42 139 390 229 50 224 464 231 327 168
16 15 2337 296 221 240 223 316 142 299 242 500 72 1 121 272 124 268 197 322 19 168 154 246 62 43 136 290 194 359 106 276 37
17 15 2727 23 173 258 12 145 175 153 46 416 4 367 19 476 240 392 95 38 213 363 206 461 119 261 96 408 204 306 115 479 194
18 15 2651 387 4 303 250 398 228 4 45 143 110 263 161 335 2 154 32 290 117 496 97 85 206 317 95 403 224 400 208 441 230
19 15 2219 254 77 483 56 179 233 283 182 277 176 41 40 188 228 143 92 9 34 60 106 482 246 312 48 340 214 374 91 274 64
20 15 2680 320 27 492 155 434 170 387 217 352 15 142 142 406 181 471 151 374 81 184 183 187 166 280 248 315 221 63 188 61 188
21 15 2129 1 233 66 95 239 250 14 125 216 115 491 209 109 249 241 79 149 115 410 82 399 198 349 179 445 16 359 203 62 47
22 15 2018 56 44 464 150 32 65 413 8 30 130 350 90 238 98 331 168 246 47 429 180 47 126 130 77 172 145 226 31 200 139
23 15 2259 429 107 432 142 6 65 59 20 174 88 251 125 30 238 473 212 8 70 360 38 351 156 164 83 483 85 329 60 217 130
24 15 2250 198 247 486 231 241 93 147 49 465 70 386 215 46 17 55 120 478 62 292 87 349 142 95 114 326 77 51 7 136 17
25 15 2556 386 83 264 122 165 4 214 61 302 30 482 39 245 27 158 49 397 135 360 188 324 60 181 168 424 7 346 76 13 231
26 15 2653 444 250 165 207 121 79 62 187 491 215 216 222 106 62 498 13 110 246 249 71 433 174 381 114 193 156 472 38 481 86
27 15 1792 370 174 85 136 483 58 66 146 96 56 463 163 27 170 475 127 34 84 122 32 405 55 58 137 20 250 144 93 140 124
28 15 2220 178 9 399 114 395 233 171 62 481 118 368 193 281 144 214 5 122 247 338 244 28 94 298 187 230 169 187 123 11 178
29 15 2299 348 188 186 99 153 182 331 176 96 163 293 213 457 73 208 170 327 80 416 165 73 46 258 222 232 90 242 20 212 2
30 15 2156 447 60 291 235 158 193 268 90 118 113 3 161 177 61 483 135 481 162 66 248 326 240 43 185 211 127 274 202 248 236
31 15 2284 55 47 397 95 383 156 139 150 245 109 365 99 19 143 410 103 277 242 14 92 489 191 331 134 478 143 10 1 196 109
32 15 2310 88 250 155 234 446 37 241 85 39 236 193 5 436 63 147 197 267 26 438 133 469 29 323 50 162 50 44 23 403 240
33 15 2330 131 92 341 138 326 139 26 168 75 64 255 17 170 191 181 169 239 49 444 177 431 162 455 106 63 218 257 107 490 159
34 15 1660 198 120 1 140 109 178 28 135 95 102 50 202 220 220 392 150 240 130 199 183 158 231 446 214 86 9 431 93 115 170
35 15 2264 353 164 392 205 53 250 234 81 134 181 182 184 382 152 255 23 153 244 254 203 176 14 184 121 227 121 481 158 315 197
36 15 1836 77 168 110 218 372 163 320 106 95 203 286 26 488 19 29 242 291 34 87 146 236 114 159 21 386 244 67 145 58 14
37 15 2575 471 225 475 41 449 239 462 156 83 164 43 211 254 61 91 97 203 124 434 200 212 149 461 84 485 198 77 154 92 135
38 15 2258 269 164 211 243 56 11 232 17 268 166 283 60 376 36 222 217 382 26 442 167 78 153 66 38 339 50 235 165 305 178
39 15 1993 401 73 91 214 316 249 474 149 15 242 64 47 403 190 184 227 258 66 252 199 84 79 204 149 218 42 51 202 308 105
40 15 2269 481 61 428 174 24 95 422 247 493 186 90 56 85 95 347 18 321 104 185 174 155 19 105 108 269 72 251 69 126 160
41 15 2329 26 106 470 55 29 243 251 200 342 243 238 181 150 72 275 99 89 95 452 24 371 208 394 225 167 162 296 19 333 23
42 15 2331 179 108 379 148 14 9 141 14 61 232 358 48 264 109 471 39 207 59 485 11 184 105 468 77 181 135 239 227 255 71
43 15 1964 101 183 280 229 81 145 90 73 408 150 406 117 299 169 475 19 59 34 179 146 44 113 102 113 291 33 349 29 111 104
44 15 1711 451 211 36 82 42 218 226 131 40 133 132 195 101 180 466 178 50 24 461 228 271 4 90 123 218 131 7 67 261 117
45 15 2146 170 64 179 57 145 220 25 121 202 64 355 185 361 206 466 76 383 15 201 195 95 222 50 184 196 17 416 202 333 29
46 15 2237 170 104 92 98 411 236 420 185 106 223 350 63 158 210 268 225 35 2 490 88 196 84 245 119 363 137 159 196 267 78
47 15 2092 401 108 27 61 445 48 97 153 271 197 215 30 156 84 106 43 187 95 482 132 30 142 478 1 349 192 239 7 5 186
48 15 2008 140 214 212 52 158 112 399 60 132 95 126 13 352 209 368 144 145 65 375 128 196 16 207 48 114 149 286 222 137 142
49 15 2451 157 128 355 221 430 115 82 78 276 65 172 152 327 23 212 46 269 209 495 188 260 113 145 57 78 145 445 50 383 86
