0 15 1105 175 194 165 240 228 129 237 181 141 229 209 38 40 156 69 187 84 122 49 111 125 114 74 21 2 15 126 105 119 69
1 15 993 92 146 115 108 135 92 237 121 124 229 100 185 118 241 90 187 29 25 58 77 136 34 43 61 54 44 177 31 148 46
2 15 1096 202 91 191 66 199 75 157 185 47 30 15 248 66 132 90 156 68 118 180 227 195 167 10 89 80 64 132 6 196 132
3 15 1127 153 147 222 93 212 22 19 220 206 168 102 220 165 167 204 5 72 21 122 2 248 168 20 109 6 99 24 240 105 220
4 15 1303 223 7 116 46 202 180 68 72 149 125 239 250 95 154 19 150 10 90 170 131 193 19 151 213 128 8 163 151 247 119
5 15 1044 222 219 228 88 15 179 119 184 102 17 58 91 4 96 137 153 105 78 73 87 123 193 89 85 172 97 99 73 195 218
6 15 1028 44 164 195 233 30 225 101 213 76 220 122 18 88 126 113 76 28 69 153 202 8 25 145 198 211 66 162 240 239 129
7 15 1223 136 4 73 118 135 47 71 199 224 40 70 242 229 195 206 156 75 127 58 26 236 185 22 183 247 190 227 158 31 67
8 15 979 138 166 70 210 136 56 108 206 4 184 97 73 27 75 120 232 230 194 210 139 71 195 175 93 24 134 58 33 164 124
9 15 1304 171 80 45 130 67 100 90 22 205 23 220 27 151 44 248 234 125 191 194 115 12 240 40 206 219 165 191 128 197 104
10 15 815 1 117 35 147 99 101 246 40 224 52 62 193 79 64 88 76 47 212 119 240 77 232 82 218 39 152 132 229 30 78
11 15 1057 184 30 195 219 29 145 171 126 247 178 97 189 6 160 27 183 206 90 153 48 18 236 129 235 24 30 218 104 59 46
12 15 1189 38 191 92 108 219 236 130 94 169 126 123 117 65 230 26 193 163 231 134 167 28 152 153 156 238 28 206 132 198 103
13 15 1117 21 138 194 128 208 31 109 154 51 235 26 167 151 6 192 195 20 24 78 186 52 81 190 59 171 218 198 228 201 146
14 15 950 80 73 135 125 52 93 7 160 98 57 144 123 223 146 230 16 90 249 39 20 37 192 202 78 1 122 147 50 99 97
15 15 1209 195 30 21 80 154 72 24 160 232 121 68 227 95 142 123 75 157 212 175 48 231 63 239 183 141 91 156 139 5 88
16 15 1057 187 136 108 16 40 180 141 51 161 11 119 137 208 112 9 134 19 73 160 168 53 223 8 87 215 99 243 103 91 99
17 15 1431 190 129 234 150 145 125 79 137 28 239 250 248 227 207 109 88 192 229 160 101 146 212 175 154 151 241 104 245 196 46
18 15 826 93 237 174 178 136 170 155 214 57 182 54 56 31 31 114 139 220 55 118 129 7 115 90 182 18 92 24 223 86 219
19 15 1276 18 30 206 44 60 193 213 214 157 121 247 62 176 129 194 141 17 163 195 236 41 54 101 233 235 220 74 110 193 12
20 15 1057 79 62 41 136 105 100 78 170 165 86 40 13 148 216 141 193 106 10 153 245 248 206 197 230 42 19 156 151 63 167
21 15 900 81 124 59 68 11 146 27 83 39 40 82 4 32 25 212 41 232 216 138 229 23 84 61 166 102 216 168 164 234 249
22 15 1229 140 42 66 220 154 63 219 181 248 7 72 79 113 103 205 176 246 186 243 133 17 15 68 77 180 22 42 97 37 127
23 15 1165 197 176 20 115 247 174 29 215 206 26 74 27 207 38 231 161 213 226 199 57 108 215 71 28 41 102 49 184 50 85
24 15 1130 60 99 11 79 213 7 104 93 74 59 119 249 187 75 36 168 87 100 245 35 156 205 249 78 232 39 31 30 80 114
25 15 1154 133 30 226 64 242 85 167 187 10 78 55 8 14 231 145 181 67 244 176 102 1 232 202 78 213 241 108 242 166 39
26 15 824 207 49 69 183 214 162 17 130 98 26 4 135 73 234 29 3 153 22 30 106 124 11 57 201 75 149 160 66 65 198
27 15 1141 23 215 16 57 178 178 73 159 127 200 218 131 186 40 216 214 144 220 87 26 75 210 138 234 160 213 132 171 130 48
28 15 895 118 152 12 134 60 41 163 234 52 39 183 121 21 118 160 237 155 206 19 180 133 80 68 116 239 132 99 11 11 147
29 15 1164 129 15 10 114 74 153 128 58 204 166 92 74 187 62 85 25 244 239 230 115 21 214 194 88 79 35 219 178 45 81
30 15 1132 176 173 95 185 138 21 87 15 78 142 33 169 67 219 82 3 178 94 42 114 140 235 201 218 121 21 247 166 203 172
31 15 834 190 48 107 180 68 45 194 247 39 226 17 207 46 99 210 242 26 53 168 169 18 57 153 218 24 126 90 123 41 42
32 15 1340 44 82 191 2 11 110 149 57 106 39 134 225 245 180 73 56 171 200 210 190 118 227 246 122 46 122 247 237 244 139
33 15 1125 131 139 221 71 141 83 33 39 241 240 77 125 214 173 156 36 229 178 87 40 118 204 17 113 76 62 86 72 49 79
34 15 1237 63 179 218 135 101 210 217 235 100 60 225 176 184 188 200 191 76 30 118 162 70 235 116 86 191 249 35 114 149 216
35 15 1057 176 179 35 60 30 244 129 14 93 40 90 120 223 28 69 163 103 99 132 14 20 219 231 105 171 205 156 137 104 121
36 15 893 164 32 7 76 163 102 56 29 46 95 118 165 169 145 86 183 99 36 64 113 55 32 93 11 51 116 215 207 104 68
37 15 1241 179 119 202 38 194 114 139 249 142 185 195 10 201 113 6 138 147 207 25 211 69 181 94 13 191 247 230 8 55 185
38 15 1226 177 85 54 128 122 247 242 11 98 235 47 144 96 247 109 204 237 5 160 11 215 80 192 161 194 234 9 174 93 63
39 15 1088 210 20 249 13 121 112 92 233 209 77 29 204 24 127 62 227 215 67 238 78 133 67 19 43 11 104 153 36 49 215
40 15 1010 245 170 214 8 168 186 119 112 179 188 48 132 63 26 46 142 93 112 129 170 96 196 40 139 58 143 143 93 43 108
41 15 1063 87 212 173 196 232 210 64 93 229 94 132 26 78 194 153 123 85 245 234 66 164 79 11 55 69 68 50 212 12 92
42 15 993 171 98 54 195 44 35 154 209 127 132 53 8 9 232 13 104 240 8 87 55 23 17 167 78 188 86 229 1 97 70
43 15 1219 171 46 225 115 89 9 120 150 237 1 54 96 111 35 1 123 138 240 232 76 146 107 194 62 36 131 147 14 131 243
44 15 1016 83 153 38 58 119 229 168 238 230 7 90 33 204 200 169 204 175 158 45 156 85 190 114 28 1 149 11 147 162 141
45 15 899 139 97 146 29 6 14 7 173 2 236 31 193 120 235 245 140 40 169 47 85 176 131 24 40 158 25 188 168 171 202
46 15 1123 161 162 48 56 42 53 69 48 77 172 135 108 217 106 194 211 245 233 129 41 67 54 23 91 93 32 133 200 239 84
47 15 974 212 2 131 119 43 35 39 90 213 211 76 172 29 181 115 239 175 200 219 67 16 124 89 208 69 121 26 201 172 15
48 15 1004 34 235 16 16 103 59 152 141 114 203 178 138 231 108 2 219 135 201 39 53 69 163 244 128 154 181 137 168 66 121
49 15 1286 35 183 223 195 186 113 47 151 66 224 38 46 183 40 117 169 92 155 222 12 169 215 242 149 180 145 181 168 164 98
