0 15 427 75 221 40 146 59 130 11 27 85 80 64 249 37 197 16 7 36 236 15 144 20 72 79 129 10 61 84 139 81 233
1 15 390 67 2 74 112 10 4 23 238 88 152 1 138 40 149 3 98 84 140 13 30 59 234 58 239 95 20 24 183 12 104
2 15 548 68 178 55 243 41 66 96 213 53 135 66 5 74 206 5 28 89 167 67 170 77 152 29 15 47 149 88 231 60 192
3 15 488 98 139 91 29 66 88 92 118 25 59 75 198 79 78 21 119 44 87 38 21 39 167 37 37 67 225 26 18 17 16
4 15 559 17 107 94 82 96 137 52 120 98 26 70 163 56 247 83 225 42 122 12 214 30 101 100 196 27 116 73 194 82 190
5 15 455 62 190 84 144 88 222 95 59 69 72 28 182 27 76 66 151 20 189 65 233 2 146 35 101 94 111 19 118 6 152
6 15 545 8 218 44 143 63 31 14 9 89 235 80 169 18 6 94 233 59 13 74 125 98 127 72 32 65 245 83 2 49 92
7 15 502 69 94 84 33 74 199 91 213 83 120 28 226 35 88 41 58 64 188 34 185 21 13 65 12 67 163 75 137 6 210
8 15 588 70 232 58 210 46 91 82 28 92 11 3 176 98 195 85 161 84 121 95 55 83 196 21 247 79 37 59 205 26 16
9 15 413 14 47 47 174 58 42 16 141 19 7 51 174 33 248 68 17 60 102 87 207 8 122 52 228 70 233 67 230 39 244
10 15 373 95 55 90 94 28 249 85 93 56 201 40 81 33 140 2 149 3 240 5 10 13 7 82 91 29 51 8 183 53 160
11 15 439 38 189 54 79 44 55 19 74 39 8 24 40 56 228 32 113 88 94 69 77 78 61 84 140 34 249 72 125 1 133
12 15 517 14 140 89 143 85 143 63 161 81 120 36 73 27 113 56 239 99 209 28 128 69 13 18 60 96 118 83 172 19 165
13 15 406 38 60 5 230 44 247 92 204 80 63 39 204 41 202 59 30 3 9 90 181 37 109 45 6 18 241 23 200 64 43
14 15 465 16 101 52 71 82 248 19 125 51 50 87 40 53 228 93 113 59 245 72 198 77 110 58 72 17 75 14 89 26 29
15 15 400 84 194 30 85 66 61 82 34 36 135 34 224 26 188 53 118 1 161 64 24 59 93 35 16 14 201 43 179 41 170
16 15 466 7 124 13 188 11 228 99 244 14 36 28 49 5 236 64 224 88 74 38 13 84 132 97 152 95 49 94 75 40 115
17 15 456 31 165 30 71 25 57 69 71 20 206 70 66 5 56 79 28 45 155 67 58 88 198 56 191 94 205 36 168 46 1
18 15 393 1 160 30 121 37 238 91 159 60 246 8 79 63 12 34 244 42 31 98 208 38 187 56 95 28 101 51 13 19 146
19 15 424 15 171 8 194 93 246 84 183 4 43 30 111 71 192 75 107 37 116 87 184 23 76 20 100 31 71 64 51 66 79
20 15 542 71 225 74 215 72 157 97 225 99 28 38 172 21 14 78 108 79 164 91 53 39 13 35 10 14 165 80 178 17 148
21 15 368 56 139 74 231 53 46 38 249 72 188 78 59 9 198 24 136 55 52 1 96 7 241 10 191 57 182 73 79 8 161
22 15 455 3 188 15 200 77 113 71 115 92 232 25 39 55 63 44 59 63 189 6 148 58 173 11 89 73 35 70 82 97 174
23 15 344 72 161 23 150 25 193 64 216 76 191 4 181 3 97 39 67 87 105 22 137 59 29 9 71 20 184 7 239 65 3
24 15 364 12 238 65 34 88 139 78 3 4 104 43 209 36 195 6 226 62 44 30 235 80 240 14 239 33 172 18 221 38 222
25 15 521 84 26 36 17 13 226 46 165 31 151 58 139 86 154 63 165 90 192 50 19 83 15 57 194 99 30 19 68 54 93
26 15 452 21 170 57 48 67 21 78 118 80 117 55 134 12 118 1 161 22 194 89 115 60 4 35 77 88 21 62 209 27 109
27 15 538 76 249 87 43 29 203 47 214 16 164 65 69 77 116 90 120 32 169 60 99 78 213 83 106 52 71 26 115 79 104
28 15 508 73 56 53 59 98 183 63 247 31 12 62 249 88 179 7 163 6 17 11 136 81 143 91 32 15 117 96 196 72 221
29 15 469 51 26 31 99 60 244 97 57 76 208 71 24 96 49 13 54 63 20 72 73 5 3 18 146 36 132 64 134 29 185
30 15 482 4 180 63 234 80 122 79 76 31 104 83 151 30 51 43 186 64 163 7 38 17 211 57 64 99 191 82 119 66 37
31 15 396 48 128 70 177 49 201 2 29 6 137 31 237 18 184 79 203 47 41 12 186 60 224 95 23 72 185 5 53 67 141
32 15 463 51 244 63 129 94 213 83 225 20 119 7 206 88 40 87 191 77 204 74 186 29 118 11 201 54 214 5 206 30 48
33 15 412 58 175 60 37 20 124 21 196 45 239 3 151 78 92 87 120 80 165 73 5 2 224 65 154 77 78 10 184 9 107
34 15 464 42 183 18 230 54 141 50 86 90 152 88 17 95 26 37 226 92 61 30 244 14 55 58 19 33 185 29 217 45 37
35 15 460 10 79 57 241 33 47 92 184 34 131 37 173 99 31 50 237 42 150 38 187 13 143 97 34 75 183 12 243 78 250
36 15 453 4 56 6 244 88 55 35 221 90 167 57 63 18 40 64 106 48 55 55 235 92 20 79 138 3 6 20 16 97 15
37 15 590 52 205 21 97 92 77 34 65 66 50 73 130 69 112 44 25 59 148 79 96 91 150 74 230 50 217 98 84 82 152
38 15 509 4 128 46 182 13 60 97 163 82 27 81 96 20 207 67 236 99 110 85 125 39 189 55 240 5 85 90 238 66 43
39 15 440 43 96 88 24 58 199 23 222 83 49 55 28 18 111 36 198 34 247 10 86 64 177 79 149 16 219 66 111 61 211
40 15 491 98 187 21 199 9 242 33 109 48 10 28 109 94 15 56 229 12 240 88 199 52 125 91 52 93 209 17 53 80 52
41 15 394 59 102 2 219 45 84 77 193 4 51 39 219 58 119 82 198 57 30 11 10 56 3 48 63 79 102 34 58 6 194
42 15 500 9 107 63 206 41 239 98 135 95 198 75 115 5 144 4 102 77 115 11 184 67 23 84 180 51 85 65 11 90 158
43 15 365 21 197 22 226 89 13 23 225 7 172 52 23 79 97 20 234 98 248 48 160 31 67 32 164 34 249 14 144 40 173
44 15 520 15 238 95 242 28 107 67 53 65 138 56 139 18 102 58 152 99 205 51 60 87 19 41 151 66 124 79 120 42 202
45 15 473 86 30 98 127 57 4 43 11 20 83 16 8 52 117 67 3 23 206 76 109 74 168 61 192 42 111 22 13 53 125
46 15 377 98 34 22 24 90 127 69 3 48 51 18 105 2 237 23 7 5 145 14 181 54 139 30 241 77 152 29 128 50 26
47 15 340 55 26 44 107 26 146 27 80 99 213 53 7 17 99 20 99 2 209 49 68 40 141 43 246 24 21 47 87 22 191
48 15 341 97 117 48 22 14 24 4 13 38 158 19 154 56 191 3 210 1 153 77 242 43 22 35 38 95 7 31 28 8 21
49 15 489 76 127 20 50 90 45 53 2 82 12 73 138 19 165 42 78 67 144 56 8 86 227 44 224 21 250 60 51 27 17
