0 15 8121 309 215 513 96 1599 33 1031 76 520 110 94 76 548 100 1179 29 159 221 1012 215 1784 122 1238 7 151 193 1765 132 1634 115
1 15 9536 337 192 681 99 1787 29 1734 67 355 3 1677 50 430 76 1399 108 1355 160 579 218 1624 214 589 213 220 239 1155 86 1972 141
2 15 10249 552 59 1082 232 1157 221 1510 140 37 216 1494 65 1015 174 993 16 1883 97 675 63 1064 48 1878 5 1863 199 1095 119 784 67
3 15 9720 509 187 1375 91 918 133 811 30 125 199 1347 118 1616 112 1893 108 1479 128 1306 153 1292 221 802 170 725 164 1970 70 33 106
4 15 8282 886 143 792 10 483 210 1494 145 841 118 1196 187 1588 163 900 82 122 128 1959 29 530 1 499 184 772 224 347 93 1395 231
5 15 9275 198 30 1624 240 891 208 1051 134 455 141 354 2 429 191 1516 79 1772 137 58 231 1767 190 1333 15 623 206 1840 219 1548 234
6 15 9195 52 98 1865 175 1087 5 484 239 1491 188 731 94 1291 159 1784 56 839 55 794 147 1637 60 188 71 1177 60 128 16 1778 28
7 15 8289 250 79 125 114 1855 63 1221 89 51 211 1628 133 906 169 291 41 76 232 947 120 730 186 1781 167 256 207 1726 236 1973 105
8 15 9095 763 74 36 137 1039 140 801 9 580 101 1321 60 1983 226 1830 125 1266 155 106 65 1126 187 1500 157 103 5 1863 180 842 187
9 15 4640 35 104 760 172 842 49 311 142 409 243 492 230 154 76 307 233 1803 175 239 10 489 115 1447 238 271 151 94 235 81 186
10 15 9646 1024 217 891 135 888 233 285 50 1374 194 1144 218 775 47 1395 81 1279 197 1005 18 1457 95 1234 153 1832 4 1155 28 340 87
11 15 9157 1213 215 53 103 1850 42 187 134 1194 61 1179 87 130 203 1634 24 1386 14 1073 140 781 29 235 14 1783 168 1869 187 695 61
12 15 6881 876 9 275 178 362 226 572 48 962 15 460 140 101 191 445 86 817 80 1350 139 571 232 417 157 496 51 1927 216 1839 121
13 15 8417 1628 214 880 153 1994 93 730 65 492 191 681 54 183 133 244 229 1219 162 808 68 1300 230 1049 68 1239 146 618 165 964 59
14 15 7883 1785 91 1522 16 845 15 960 75 431 54 1617 213 1107 49 596 202 1129 64 1114 186 733 163 18 31 833 6 29 52 420 242
15 15 11050 610 56 1934 132 1924 29 1998 133 705 179 686 71 1891 144 472 88 1846 100 651 61 1888 133 75 155 1516 157 1512 146 709 33
16 15 8077 1239 68 838 172 1449 113 302 49 1996 6 579 33 1327 219 1177 150 1659 124 101 59 684 238 44 8 244 161 17 5 1806 225
17 15 7475 37 44 394 227 567 195 339 119 1993 186 1874 71 1719 52 1391 247 53 49 972 154 1710 155 141 3 764 237 15 132 491 70
18 15 9541 1856 130 1215 102 106 133 796 46 1001 38 1482 227 1358 200 1130 100 798 183 149 19 1336 108 1775 78 1962 140 916 226 22 9
19 15 9904 147 229 638 213 830 95 1845 125 1890 96 764 121 424 121 922 53 1221 219 1087 221 1487 24 1930 113 954 141 503 119 1866 24
20 15 9963 1627 12 752 116 1724 82 1710 170 1558 202 1117 72 1674 40 794 96 1445 14 666 31 86 5 1305 15 117 8 1905 119 126 122
21 15 9683 1142 105 485 246 720 60 1827 32 480 134 1085 96 57 8 1488 101 1353 182 1216 19 1462 52 523 16 1316 139 1375 73 1610 103
22 15 8354 46 1 309 31 996 28 1090 174 161 171 910 245 1517 216 3 4 1816 207 287 32 1725 248 685 99 866 102 1590 92 1924 199
23 15 7617 444 220 1949 2 852 47 132 191 822 144 214 231 241 82 1049 243 1085 114 301 223 247 128 1470 181 976 187 1635 65 1279 58
24 15 9541 115 74 1879 166 826 230 1712 59 1023 33 1952 236 616 44 1669 164 1138 3 879 189 475 228 1816 46 760 143 983 144 60 113
25 15 8050 1952 174 686 182 589 113 1264 152 1523 138 1185 77 225 50 370 143 1815 8 997 193 946 221 170 113 118 180 255 202 1323 64
26 15 6593 416 126 840 102 160 178 1316 173 80 89 60 116 1017 34 1767 136 176 81 893 24 625 190 994 147 1302 213 76 57 1267 250
27 15 7727 222 182 1728 61 1135 137 489 201 1661 170 1641 72 535 157 707 51 42 234 233 37 757 107 1476 102 3 28 1564 180 686 80
28 15 8422 532 157 864 9 320 248 497 160 800 9 79 190 580 215 1448 36 1265 92 519 99 1128 25 705 205 1728 60 1732 41 1841 19
29 15 7748 473 122 28 188 982 97 1685 228 1506 87 1986 84 1628 167 548 76 202 164 917 72 364 146 698 170 1350 175 479 184 68 172
30 15 8909 202 142 1043 81 579 25 927 115 1854 182 1451 192 367 79 1108 16 506 162 1781 24 1085 144 169 33 1564 120 559 144 1655 228
31 15 9737 1065 209 1869 210 789 49 484 216 1766 189 499 216 1232 218 646 192 483 3 353 116 1276 39 1111 46 1571 26 1666 232 1420 70
32 15 8503 1459 234 1880 180 943 169 478 28 384 243 819 234 1811 50 451 206 741 36 311 195 253 86 1234 113 1382 156 389 149 1637 58
33 15 9224 1070 198 643 200 1127 188 1618 104 67 103 199 135 1938 9 1287 139 816 129 26 126 1824 28 712 57 1640 195 564 130 1843 201
34 15 9026 539 14 1648 34 213 24 1471 182 729 139 886 177 1126 74 935 14 1564 103 1142 89 1228 215 1866 41 373 107 735 187 589 179
35 15 6754 1489 127 193 238 660 155 613 232 939 91 723 74 620 98 999 156 611 62 8 2 502 236 1069 219 1526 191 576 113 729 16
36 15 8143 1541 217 642 233 56 154 490 168 135 30 9 107 1955 230 1056 204 885 166 1867 143 1770 119 480 190 1087 107 630 14 969 211
37 15 9470 1529 112 279 23 946 85 176 185 1002 162 1566 112 1871 21 341 176 826 226 944 192 470 213 1412 199 1902 101 1305 133 1216 126
38 15 11278 945 97 1839 224 1619 34 1910 146 219 161 807 136 273 177 1656 215 1955 83 190 148 1525 159 1962 38 1959 215 490 116 1449 206
39 15 11574 593 144 802 181 1969 22 1214 128 917 34 1140 75 1920 14 1104 177 729 58 760 168 1955 136 1929 18 1923 239 482 163 1854 180
40 15 7950 470 196 675 123 876 143 394 90 872 162 225 12 1736 144 1775 191 71 3 600 80 1773 54 1817 53 1173 239 291 154 503 145
41 15 6956 1584 74 590 8 946 68 1253 89 259 124 1000 233 135 88 627 12 630 49 764 230 230 138 46 190 1308 136 1231 211 991 227
42 15 8779 896 64 668 6 1260 235 758 98 1095 233 1950 78 1720 139 556 231 370 104 1096 99 185 86 1734 230 1275 143 717 107 353 207
43 15 8148 935 101 21 103 1106 30 439 215 229 34 1799 30 1463 18 270 18 1850 140 1973 48 590 9 1633 175 738 9 67 204 468 22
44 15 8762 1513 152 372 33 1004 79 1164 45 395 244 1680 193 274 142 63 145 1511 162 1886 85 1561 226 343 193 1150 182 452 217 1237 169
45 15 10032 340 249 672 211 633 28 891 46 1822 35 1540 103 1829 165 1346 141 1059 208 155 195 1394 67 1772 236 1260 171 1519 63 489 107
46 15 8089 1333 78 1856 4 1890 238 383 30 636 56 416 175 408 97 339 3 839 249 1312 95 1045 205 1412 66 440 23 89 60 1085 179
47 15 6273 1417 19 109 124 1124 248 463 7 1130 98 62 147 1272 72 493 212 574 184 63 136 1028 107 942 189 275 132 1461 215 43 147
48 15 10210 1643 61 1665 103 1434 141 453 147 647 184 1346 60 1830 118 1881 175 931 57 358 243 1044 237 452 235 176 78 1366 238 1792 11
49 15 10409 885 36 1571 151 1889 107 41 193 1605 187 626 200 1747 57 1919 229 1833 100 785 190 194 78 1927 247 1813 204 74 30 441 217
