0 15 386 14 36 77 3 55 46 10 80 7 78 13 12 69 6 23 4 75 3 24 88 50 78 87 5 30 82 78 17 33 37
1 15 311 82 47 24 10 49 30 55 10 9 13 39 73 25 7 30 99 63 57 1 86 44 51 15 83 7 96 64 36 12 96
2 15 459 72 45 94 47 6 94 76 12 55 36 25 93 60 49 100 90 47 62 46 99 99 41 1 65 23 60 38 95 24 34
3 15 510 19 68 79 65 26 73 93 37 27 28 61 20 88 61 71 29 59 84 74 58 34 14 10 98 89 69 57 26 64 80
4 15 485 11 82 90 98 25 14 61 92 18 74 63 57 86 85 85 45 68 10 54 1 75 63 98 15 32 7 41 47 3 80
5 15 401 37 44 77 61 9 67 74 1 36 99 15 92 84 100 28 80 19 89 85 20 48 69 30 31 75 22 29 13 24 8
6 15 377 1 68 84 14 28 2 87 28 37 37 95 80 72 94 7 52 12 47 36 83 62 35 4 91 17 78 45 42 43 54
7 15 520 88 8 34 41 46 61 78 82 55 9 53 100 68 56 64 14 44 46 75 30 49 17 47 79 28 43 72 15 66 20
8 15 397 86 73 53 26 18 66 55 51 72 64 4 24 31 11 87 96 6 32 23 36 33 39 34 63 19 76 85 22 56 59
9 15 412 24 61 85 42 26 91 44 49 54 99 72 36 10 58 32 15 42 54 2 26 35 88 62 11 73 46 84 24 43 48
10 15 433 14 79 41 91 69 84 39 75 83 63 10 44 72 93 58 65 98 12 90 42 46 29 3 8 2 1 44 25 54 38
11 15 279 24 19 16 64 9 36 48 99 10 82 13 72 25 85 64 34 1 62 45 91 55 43 71 57 2 72 49 14 34 72
12 15 521 32 1 36 40 37 35 91 98 16 3 69 40 87 85 25 40 98 70 82 52 64 52 60 65 76 21 62 24 34 95
13 15 527 95 66 96 82 57 84 16 47 81 83 50 2 74 88 86 99 27 35 20 8 83 12 97 47 87 17 8 10 3 3
14 15 440 4 20 50 86 76 33 53 23 13 36 24 66 61 63 51 59 90 37 78 49 22 60 60 71 59 46 39 66 55 41
15 15 452 20 11 60 69 48 36 1 52 10 66 39 85 83 100 47 34 58 88 70 88 37 44 99 48 66 57 94 4 23 100
16 15 446 45 94 62 56 63 9 91 15 13 52 32 51 88 15 50 35 60 74 21 99 10 16 97 10 81 6 3 85 28 54
17 15 481 81 73 16 36 35 76 79 2 88 30 33 91 18 99 40 4 98 51 77 71 49 39 86 46 48 67 51 2 3 30
18 15 406 7 83 54 74 18 89 50 96 42 89 78 26 79 47 25 71 2 74 21 78 44 70 68 82 67 15 48 69 75 32
19 15 256 3 100 1 43 49 84 90 26 10 20 24 86 25 11 63 54 7 32 22 88 50 88 35 70 8 36 19 34 21 33
20 15 637 71 16 34 19 99 75 96 60 94 19 97 36 43 8 98 97 14 81 70 1 82 57 87 51 16 22 69 49 92 41
21 15 536 82 62 56 15 81 7 89 76 66 34 47 15 69 89 22 18 37 87 98 58 87 79 67 25 49 31 42 12 2 97
22 15 513 78 82 55 18 10 73 51 8 87 20 48 60 89 37 46 87 94 32 17 60 8 50 42 5 98 24 93 91 40 64
23 15 397 80 94 81 89 18 83 48 4 54 95 63 43 31 8 25 91 49 36 50 98 29 54 52 98 38 38 44 77 1 23
24 15 431 23 33 63 40 16 10 96 69 4 10 11 35 70 91 60 92 46 62 89 75 15 36 26 65 64 8 54 16 82 76
25 15 428 1 44 68 16 5 63 36 8 72 47 94 41 89 4 53 80 2 14 21 76 80 56 44 81 3 87 84 84 62 36
26 15 461 79 81 51 83 95 86 43 67 84 36 59 25 92 63 4 93 28 24 20 8 32 72 3 64 40 6 50 75 89 64
27 15 430 10 68 44 12 2 39 49 44 57 33 80 67 23 30 12 67 88 86 16 71 71 34 48 76 84 22 99 83 35 42
28 15 451 94 37 32 95 80 40 27 11 7 35 85 36 98 51 44 37 36 12 45 82 93 92 9 28 66 24 26 100 11 19
29 15 428 46 47 51 40 78 90 18 41 48 4 25 83 53 76 79 90 63 90 7 23 40 51 31 67 68 6 92 19 16 63
30 15 533 64 62 65 55 92 6 72 32 54 27 56 88 80 83 66 21 46 7 68 4 81 60 6 11 26 25 69 70 44 84
31 15 407 32 59 98 96 14 89 1 37 20 6 16 27 94 47 10 11 67 7 70 86 50 45 68 61 23 92 29 92 87 64
32 15 437 75 46 61 22 11 1 74 47 72 80 62 99 25 8 60 35 26 66 4 12 27 54 8 94 66 30 86 46 73 24
33 15 420 9 99 69 22 20 79 74 94 78 46 25 91 44 49 51 55 35 76 72 39 39 98 99 92 28 29 6 53 52 66
34 15 506 51 73 39 71 13 16 80 58 92 71 53 40 73 7 26 48 78 64 27 59 37 70 67 16 98 24 20 2 90 71
35 15 391 26 28 93 28 40 60 8 49 51 30 1 42 2 59 67 1 36 83 91 63 41 79 32 60 47 82 83 66 35 24
36 15 498 36 12 4 80 39 95 98 44 89 27 44 30 80 3 49 81 90 31 23 4 71 2 88 30 48 21 65 13 7 88
37 15 443 1 18 43 80 56 38 71 6 81 59 32 76 41 64 78 89 44 20 19 66 23 41 10 23 66 82 87 79 88 26
38 15 519 31 57 69 62 13 6 32 70 38 91 53 13 83 16 91 23 59 62 41 77 84 33 95 46 55 13 79 93 43 67
39 15 454 19 73 23 39 34 87 96 66 56 33 8 9 45 42 24 87 64 35 48 56 63 84 88 9 81 95 21 59 87 63
40 15 520 77 57 87 100 95 73 38 90 46 74 97 6 71 90 29 9 53 15 9 8 92 47 24 41 10 82 80 73 59 36
41 15 499 11 10 31 83 47 72 72 92 98 68 97 68 9 78 76 61 44 84 20 73 27 19 62 50 59 71 84 38 95 42
42 15 501 26 6 3 8 88 49 31 60 93 28 79 41 95 88 70 23 14 58 20 38 85 38 99 86 48 21 69 38 16 62
43 15 394 63 21 64 70 8 65 19 57 80 98 49 74 37 19 48 36 32 6 7 21 42 96 27 44 39 48 81 6 61 95
44 15 409 26 25 16 86 41 67 4 49 46 53 97 72 15 19 77 98 76 35 70 17 31 88 96 74 79 43 6 84 3 52
45 15 412 62 79 67 47 71 33 2 19 31 7 16 54 99 82 72 75 32 48 1 16 92 41 11 65 5 22 54 60 73 67
46 15 490 38 91 65 61 75 19 79 5 77 46 58 75 80 82 2 11 81 63 63 96 54 3 7 70 25 63 91 31 22 15
47 15 413 97 12 5 62 72 79 32 50 84 8 48 93 82 27 74 83 89 54 45 51 2 50 6 60 19 30 22 61 12 44
48 15 400 75 9 7 79 22 78 58 53 79 93 60 26 37 93 4 11 76 92 16 72 95 69 52 28 40 33 2 1 45 97
49 15 391 75 5 3 6 26 32 15 30 10 7 41 88 95 33 43 57 8 35 73 32 81 93 53 32 21 92 64 74 44 60
