0 15 459 91 35 34 44 58 47 84 34 10 25 68 30 1 8 47 36 87 30 14 14 66 5 19 44 49 45 98 31 40 38
1 15 477 15 25 81 22 71 16 7 30 91 25 10 43 82 8 80 18 37 44 33 26 59 40 41 30 90 24 30 20 69 36
2 15 464 39 49 9 10 65 15 41 7 50 49 22 8 81 41 46 24 26 21 84 15 62 13 99 1 89 29 3 47 59 44
3 15 526 98 19 55 12 85 45 20 26 97 20 47 6 100 40 51 25 65 22 9 31 73 29 87 11 57 10 16 6 18 11
4 15 367 3 38 15 16 72 11 87 49 9 6 48 14 6 37 17 32 88 42 33 24 61 10 27 20 69 42 75 38 2 29
5 15 577 77 18 96 50 81 32 49 39 87 46 55 44 82 21 78 34 10 19 68 33 33 28 94 10 97 14 53 23 3 7
6 15 350 3 29 26 48 78 6 31 26 47 20 73 1 65 6 23 42 41 32 61 8 16 45 36 9 56 34 22 11 7 24
7 15 500 67 9 54 42 59 31 50 39 9 48 58 33 48 23 39 22 64 29 53 26 87 18 73 22 28 28 57 1 88 15
8 15 423 24 6 29 48 34 11 99 22 19 46 80 4 45 4 42 16 69 20 18 45 6 37 79 14 96 38 64 36 2 39
9 15 400 41 27 19 40 10 29 40 32 85 13 3 29 68 44 46 36 15 13 32 21 51 50 66 48 38 31 83 40 71 25
10 15 481 16 39 17 26 18 6 9 19 93 23 71 21 90 16 67 27 80 31 52 34 8 5 49 5 92 32 89 33 51 43
11 15 494 84 28 10 41 36 30 83 10 52 6 99 19 74 25 48 4 35 2 89 43 6 40 49 47 71 40 32 22 57 32
12 15 398 14 42 9 25 82 46 56 15 5 7 72 5 27 45 81 25 50 16 78 39 10 33 28 10 31 50 99 12 23 7
13 15 431 43 39 98 3 15 30 71 46 54 29 19 8 56 13 41 32 12 6 59 2 17 41 81 26 23 30 77 35 53 35
14 15 395 79 43 33 32 7 14 31 27 11 35 58 29 44 15 43 34 46 6 91 6 8 9 48 40 37 20 70 13 54 24
15 15 515 47 35 66 31 18 22 94 48 1 4 84 10 80 24 26 15 71 32 58 26 91 16 73 30 52 42 51 16 48 26
16 15 314 63 32 41 45 1 15 39 48 17 44 84 26 30 13 51 5 29 21 38 36 46 30 2 20 62 5 12 21 10 38
17 15 550 35 43 80 29 93 44 69 43 12 13 76 37 92 40 87 48 18 9 88 4 56 19 57 25 61 38 44 33 49 33
18 15 545 67 44 62 48 86 8 66 30 69 30 57 8 23 46 96 21 16 5 60 21 10 28 79 37 91 26 53 24 74 35
19 15 367 42 17 48 39 5 7 34 26 36 41 35 9 88 30 31 5 84 40 25 46 19 5 32 30 46 9 69 34 18 12
20 15 397 53 18 1 7 74 7 42 1 92 34 85 2 24 15 32 28 50 23 55 45 44 9 78 23 6 36 7 26 20 26
21 15 466 88 22 93 40 80 19 48 23 69 39 57 4 32 20 24 11 97 15 16 40 76 43 14 31 31 20 7 2 46 25
22 15 406 40 35 56 10 32 28 31 22 36 34 14 17 55 40 28 23 38 44 77 21 83 42 2 15 62 10 66 9 57 42
23 15 443 93 47 62 24 76 42 97 12 27 13 30 31 4 9 55 41 3 45 69 23 10 26 43 23 87 10 83 43 1 35
24 15 506 87 49 96 10 24 37 59 37 13 23 17 45 76 25 99 18 79 43 36 4 21 45 81 13 20 18 74 2 62 24
25 15 386 36 49 74 31 10 48 69 20 84 31 44 2 25 21 77 26 38 7 18 23 12 41 70 43 5 41 79 42 4 30
26 15 468 25 28 60 37 75 29 58 10 61 2 62 38 72 40 13 12 48 32 34 10 24 5 52 29 47 15 59 39 91 12
27 15 268 18 16 39 29 2 15 9 9 27 20 12 38 59 34 77 23 45 24 4 30 35 30 37 38 8 33 52 16 23 43
28 15 470 79 42 10 20 21 13 86 29 73 12 50 35 99 10 20 27 82 16 3 38 97 37 17 35 27 26 78 43 42 22
29 15 389 71 34 33 40 6 45 26 36 20 37 36 4 88 45 75 14 29 40 68 16 38 7 34 23 83 9 42 12 1 35
30 15 380 36 23 68 18 63 25 15 40 11 34 28 48 89 15 44 13 81 22 4 48 93 6 22 15 38 32 8 50 34 43
31 15 426 85 7 62 2 19 37 18 10 49 1 37 46 91 4 89 5 36 11 8 35 1 1 23 17 28 6 75 27 90 19
32 15 374 13 46 82 17 16 18 34 25 37 13 61 27 68 2 32 3 14 41 38 14 43 30 88 12 7 44 36 35 56 50
33 15 472 30 37 16 47 57 50 73 24 38 35 85 16 5 38 99 7 51 40 96 14 84 25 4 45 34 49 32 19 83 39
34 15 423 68 12 76 36 8 34 37 32 7 24 16 43 41 22 80 40 79 30 81 26 46 14 53 49 61 36 47 42 6 31
35 15 367 31 25 44 8 60 3 41 46 34 49 21 1 42 12 73 21 53 3 3 33 28 50 96 32 48 8 17 46 22 28
36 15 475 82 49 21 41 10 23 83 6 56 31 78 6 22 41 28 45 43 32 97 25 96 23 41 45 30 10 92 31 14 31
37 15 421 41 4 91 13 38 48 70 19 77 25 92 18 5 38 10 36 34 37 47 31 59 40 27 40 1 20 21 33 90 34
38 15 484 16 32 90 8 44 27 57 13 97 33 89 2 46 28 14 33 64 50 30 46 60 21 23 49 21 44 71 5 86 7
39 15 476 22 17 46 29 63 24 35 27 21 20 16 11 71 13 38 34 96 1 33 25 97 44 95 19 66 17 23 1 73 45
40 15 458 70 20 75 32 94 10 58 16 81 26 26 1 38 15 35 33 68 19 9 16 15 5 73 3 25 48 6 50 92 25
41 15 295 19 16 6 14 27 15 29 7 40 6 10 30 73 44 62 40 14 23 7 28 44 38 52 48 65 49 3 14 42 27
42 15 475 32 9 34 46 38 49 76 46 40 32 5 19 54 50 83 45 66 7 51 43 46 33 86 43 97 36 62 29 22 43
43 15 421 40 8 77 8 16 22 47 49 29 18 2 28 98 43 58 48 38 42 45 22 30 37 70 15 32 31 46 6 75 35
44 15 403 13 15 61 20 82 34 18 32 64 37 35 42 38 32 36 45 31 25 39 25 46 18 15 32 45 45 77 50 72 13
45 15 429 14 38 25 35 19 9 54 2 24 41 86 15 28 19 3 25 99 27 13 25 80 35 91 13 29 36 92 30 59 4
46 15 380 95 46 29 29 14 39 85 17 12 25 2 29 70 33 28 20 59 40 44 35 71 30 26 34 9 13 25 40 66 8
47 15 450 15 31 96 49 47 10 25 50 90 29 21 22 6 40 32 48 35 17 68 14 44 3 74 6 77 14 78 7 43 14
48 15 421 66 25 12 17 23 23 41 22 71 44 33 27 64 26 67 32 93 32 25 46 6 32 74 21 9 30 72 3 46 37
49 15 520 79 9 5 1 83 48 74 44 68 17 78 46 99 43 21 17 75 16 49 1 11 6 35 34 26 45 66 47 98 13
