0 15 491 51 496 37 425 68 225 5 390 33 76 35 461 76 428 86 200 88 268 63 397 34 12 75 331 20 162 99 145 50 301
1 15 469 92 38 25 260 14 129 49 298 4 35 59 224 10 186 61 262 28 376 73 313 87 61 70 380 68 377 50 169 93 127
2 15 224 1 374 27 198 29 13 8 152 23 345 13 336 22 192 11 94 5 450 7 491 19 386 91 386 62 240 6 482 51 108
3 15 470 79 24 87 328 52 99 36 456 73 332 20 8 53 111 19 299 67 20 5 310 38 42 100 275 56 40 81 137 18 183
4 15 430 44 48 6 182 75 9 81 362 64 453 94 235 13 398 98 383 48 164 2 204 25 291 46 125 17 253 16 449 89 433
5 15 533 31 484 80 188 66 206 97 446 68 12 50 113 47 414 62 444 96 410 59 49 65 284 91 62 8 108 14 275 56 202
6 15 448 7 39 86 38 26 203 43 422 62 434 49 274 32 15 36 475 97 285 63 361 68 253 75 327 60 88 1 268 42 307
7 15 347 6 179 96 31 81 291 5 380 52 90 80 78 21 346 65 447 8 313 31 70 25 299 22 299 34 387 26 153 28 384
8 15 433 58 58 32 340 38 222 44 169 25 233 48 454 5 494 18 151 53 330 82 422 55 32 95 153 8 480 91 233 70 469
9 15 463 41 327 81 116 73 276 84 497 9 284 51 65 29 320 16 481 2 449 54 356 80 348 60 487 28 103 72 459 92 400
10 15 425 51 291 32 166 15 307 2 463 67 85 13 232 85 299 93 86 47 446 78 145 4 416 72 106 87 283 30 378 34 232
11 15 502 20 65 97 134 71 198 90 134 61 473 46 297 82 369 87 26 32 382 55 339 48 437 68 77 22 251 49 386 9 197
12 15 443 30 350 31 243 22 28 39 92 18 273 60 456 50 405 87 31 17 442 70 316 89 393 52 140 93 289 26 397 56 246
13 15 396 69 250 67 397 40 10 66 264 21 414 25 260 44 194 53 165 9 282 6 253 33 45 45 474 35 71 70 221 78 468
14 15 471 42 327 86 338 66 396 55 230 16 327 95 293 90 486 38 455 94 272 12 247 56 256 91 429 13 299 14 190 18 155
15 15 418 68 3 92 334 50 198 15 466 25 261 58 462 43 452 56 88 23 67 34 178 74 377 7 315 41 257 29 31 83 398
16 15 474 28 27 83 478 76 349 95 452 9 404 14 159 98 365 85 87 33 419 16 106 47 222 73 487 30 301 69 55 35 267
17 15 467 83 213 1 112 89 50 58 240 10 161 5 168 69 34 42 307 66 12 23 423 96 195 97 326 95 365 32 182 14 394
18 15 492 36 477 34 85 86 274 94 98 78 114 55 499 99 349 57 464 12 79 38 222 27 433 70 252 79 286 35 460 21 349
19 15 378 6 156 77 239 40 115 64 185 12 494 50 319 44 148 67 500 63 230 79 201 3 357 33 372 60 411 10 294 23 130
20 15 509 94 428 85 171 18 376 82 412 48 227 62 166 70 61 84 69 24 414 99 76 16 355 60 440 14 322 49 460 44 430
21 15 354 53 323 14 475 41 441 11 74 52 459 65 124 21 326 8 141 49 221 40 276 88 346 35 79 12 156 27 471 75 22
22 15 475 73 250 14 313 60 287 65 318 38 281 42 158 6 249 99 306 21 290 81 460 87 415 39 350 71 417 72 122 25 447
23 15 553 95 97 96 209 10 55 26 373 85 206 66 442 12 266 92 117 86 233 98 45 72 464 35 421 52 445 7 76 91 2
24 15 386 72 86 10 433 92 56 64 192 16 381 34 79 46 77 47 231 62 96 28 233 60 414 5 445 65 449 4 340 39 305
25 15 386 64 276 66 296 68 273 6 483 65 273 50 203 9 378 49 92 39 197 71 271 56 484 76 52 7 440 15 11 3 190
26 15 359 28 451 9 353 8 292 17 80 55 118 82 15 95 382 6 34 78 176 4 185 12 431 89 260 7 295 51 273 58 354
27 15 434 14 385 56 123 37 463 5 394 20 22 75 434 17 408 92 402 86 419 22 430 88 110 41 346 57 92 18 414 97 283
28 15 421 50 452 5 239 14 170 43 307 41 17 33 227 85 92 18 286 77 36 42 451 29 60 58 26 68 449 95 81 45 278
29 15 412 31 48 34 469 13 204 63 119 96 479 3 222 95 339 23 227 42 125 44 22 37 401 48 204 2 42 85 298 71 367
30 15 482 46 205 87 158 60 149 29 255 80 283 77 194 67 194 52 245 35 328 88 408 64 41 55 68 42 349 4 39 19 70
31 15 457 36 75 56 394 34 256 22 89 35 304 17 281 33 83 74 36 80 360 63 467 67 227 59 74 46 452 49 343 92 418
32 15 434 78 367 25 471 52 280 44 140 67 148 8 147 32 343 72 367 22 183 81 340 1 307 99 374 4 150 47 152 92 291
33 15 514 21 70 57 445 92 208 77 236 95 235 59 441 66 301 64 284 22 446 62 246 23 212 72 326 61 118 78 205 8 398
34 15 400 26 416 95 17 76 123 52 27 17 486 85 357 3 138 72 186 59 417 2 472 14 424 35 485 49 396 55 78 28 77
35 15 444 30 22 93 457 44 197 83 412 34 319 68 437 56 91 74 267 7 375 90 372 50 125 9 399 20 163 28 323 55 399
36 15 542 9 28 43 165 23 39 99 434 73 318 53 361 86 391 49 61 81 373 10 105 60 476 95 288 98 322 94 196 31 322
37 15 456 38 195 44 429 46 278 1 363 30 213 87 473 98 378 73 310 58 345 72 462 77 183 37 371 22 86 45 116 33 75
38 15 415 37 170 21 132 50 166 9 302 80 91 14 367 63 264 44 387 73 453 84 296 60 479 2 83 87 127 15 419 53 203
39 15 468 40 25 35 390 91 95 70 37 57 288 99 320 83 338 44 335 21 40 32 18 1 214 69 439 92 436 9 244 38 149
40 15 536 69 324 90 311 71 432 32 307 40 20 58 159 2 95 55 89 67 294 88 498 63 489 64 183 79 255 18 488 99 108
41 15 431 88 267 83 229 29 53 60 160 12 352 31 321 10 433 15 116 21 133 61 60 30 423 48 193 58 179 75 166 98 182
42 15 373 5 416 65 233 44 369 3 432 95 34 52 457 18 18 72 190 50 333 49 132 7 149 24 64 27 123 91 344 20 172
43 15 489 48 187 88 432 30 209 75 385 40 122 18 392 78 87 9 1 76 411 85 376 42 144 65 207 54 340 97 397 11 221
44 15 557 96 298 60 379 79 268 54 63 27 332 51 456 18 411 56 45 21 141 73 362 84 148 42 202 91 450 80 463 98 177
45 15 416 22 276 56 142 81 270 1 207 2 403 62 19 13 470 16 486 88 347 45 335 77 438 46 180 38 426 94 235 54 368
46 15 272 62 161 9 43 31 261 1 32 63 263 2 327 32 317 64 45 4 363 41 191 39 78 78 185 10 267 3 353 15 470
47 15 454 15 76 30 257 6 90 57 389 4 471 90 283 54 107 46 98 62 308 38 152 99 168 82 335 77 348 96 231 1 210
48 15 474 53 415 37 382 23 494 24 231 82 279 2 24 61 107 59 205 95 166 94 447 16 461 80 150 89 79 45 320 31 7
49 15 417 24 397 43 105 19 137 80 2 70 59 3 393 61 226 77 217 21 495 11 319 62 323 98 312 12 128 56 83 59 114
