0 15 218 30 74 11 53 15 239 46 28 41 106 31 179 24 36 37 63 6 31 28 164 12 1 22 144 14 163 27 138 20 197
1 15 236 39 124 12 177 19 41 18 174 22 98 49 57 34 61 13 217 41 128 30 191 7 52 37 172 14 163 31 135 29 4
2 15 235 48 6 24 189 25 97 12 124 47 118 8 8 32 26 50 209 5 240 17 206 28 239 21 190 2 209 30 234 44 159
3 15 212 37 93 16 12 31 42 8 92 15 156 12 224 43 249 14 102 4 156 20 211 33 8 34 225 11 42 44 135 32 228
4 15 202 31 193 10 74 2 54 41 58 15 64 22 109 38 62 18 143 32 130 27 191 13 151 5 57 45 241 20 5 19 180
5 15 242 28 171 35 168 30 199 34 151 9 248 38 221 17 132 2 46 42 111 11 43 15 219 40 207 41 116 27 195 36 58
6 15 212 24 8 42 144 37 90 27 90 48 224 20 242 11 121 21 215 47 181 9 113 2 250 15 96 38 203 3 111 10 44
7 15 184 4 149 35 82 38 84 7 66 6 148 26 228 48 192 33 31 3 46 32 152 17 223 19 62 12 173 16 24 11 130
8 15 215 32 195 11 119 30 118 35 135 15 62 13 51 10 156 36 90 31 121 12 97 45 32 8 204 25 131 37 137 19 183
9 15 227 23 187 12 42 49 158 35 13 11 196 20 146 30 128 7 93 26 53 37 160 29 11 42 217 4 35 31 76 24 242
10 15 199 19 46 42 126 32 6 36 127 26 183 13 57 10 121 1 237 23 226 34 6 35 76 22 33 29 7 4 80 7 224
11 15 242 27 198 49 11 6 137 39 81 21 104 31 224 19 249 14 242 32 219 26 7 40 59 35 48 23 90 29 179 13 58
12 15 175 29 14 18 34 2 56 16 172 11 204 4 235 42 73 33 7 14 164 27 191 23 118 1 107 24 49 46 4 3 232
13 15 255 26 222 15 227 28 230 49 38 35 4 24 78 6 84 41 122 10 34 44 28 34 102 45 209 40 213 13 195 16 61
14 15 217 17 45 42 167 35 29 20 58 6 98 16 190 40 239 1 223 32 80 9 85 26 167 31 199 12 27 38 227 37 156
15 15 185 22 80 6 108 44 13 14 43 30 5 32 118 7 57 1 137 17 186 12 33 29 116 20 40 42 209 19 80 15 140
16 15 241 9 38 47 119 33 209 32 25 41 188 8 244 17 159 46 94 24 132 38 66 25 98 34 204 12 175 15 102 21 83
17 15 255 34 181 16 211 21 203 19 31 46 187 41 178 36 123 37 54 48 69 15 45 38 248 1 2 24 65 3 144 47 186
18 15 261 25 14 48 47 16 66 27 13 4 117 42 172 11 7 14 131 49 228 39 78 40 101 41 194 47 87 31 23 2 229
19 15 205 19 167 46 248 32 250 16 73 23 22 39 233 28 104 13 79 33 140 17 10 14 158 5 203 9 43 45 161 3 13
20 15 224 9 100 44 158 18 219 32 189 7 15 12 229 46 194 14 56 34 221 20 238 25 30 8 212 28 220 41 128 36 137
21 15 220 33 104 19 121 12 35 38 23 13 84 31 249 24 14 20 243 3 96 22 234 14 125 48 54 4 163 41 241 45 145
22 15 209 9 215 8 193 5 133 7 190 1 187 38 176 2 9 18 154 41 240 25 53 33 22 37 185 48 227 31 244 46 104
23 15 279 31 202 36 189 41 186 26 78 11 29 37 130 35 191 22 126 49 146 28 184 19 237 20 55 48 186 30 86 33 183
24 15 230 18 84 20 156 24 205 31 51 17 162 39 148 46 31 19 71 32 166 15 36 38 36 41 23 33 26 4 220 8 136
25 15 204 37 241 5 92 16 211 25 116 29 136 7 126 33 89 46 3 20 61 4 36 47 141 21 187 13 205 14 117 24 73
26 15 218 4 110 13 111 2 230 23 176 47 152 3 27 45 242 35 152 49 33 42 119 21 56 24 134 8 230 9 222 40 12
27 15 201 1 12 37 148 15 99 44 45 43 168 6 2 4 35 24 207 49 193 18 198 22 138 19 172 5 69 21 11 28 43
28 15 236 20 179 36 175 15 74 49 22 17 197 16 86 44 65 34 151 23 169 10 226 25 230 43 231 2 103 31 17 30 73
29 15 161 36 60 10 61 27 35 11 100 2 207 15 239 3 229 25 103 17 199 24 28 26 98 7 220 31 59 22 63 14 115
30 15 283 47 76 41 132 36 190 35 43 4 125 34 201 49 50 24 77 25 124 45 54 46 68 16 22 23 103 37 52 11 179
31 15 266 35 198 18 69 40 73 45 86 6 246 37 158 47 60 36 23 33 123 19 88 41 61 8 26 11 138 25 95 44 15
32 15 208 27 16 10 114 23 157 2 132 3 162 20 175 46 192 44 136 32 191 42 98 40 159 16 166 5 53 9 120 29 226
33 15 254 29 194 35 46 32 237 9 151 13 106 44 206 41 103 37 181 5 130 31 183 19 141 49 236 45 101 14 181 21 144
34 15 190 24 223 30 21 6 168 29 158 31 185 1 238 27 204 8 10 40 192 42 112 26 44 28 35 2 52 17 72 7 134
35 15 188 3 114 16 39 15 154 20 182 24 29 37 63 22 215 44 16 27 170 9 134 11 135 13 197 38 15 21 149 14 1
36 15 216 1 69 16 170 39 50 4 223 3 97 38 129 49 12 28 135 27 125 22 91 37 132 13 185 45 99 19 12 20 169
37 15 211 3 171 9 156 46 161 2 85 40 120 35 153 47 219 29 171 42 171 10 124 36 96 18 34 12 135 17 74 6 237
38 15 253 28 29 45 133 24 5 36 210 46 105 49 4 15 129 26 107 2 85 30 87 31 197 22 228 10 208 44 35 14 180
39 15 225 12 94 24 246 19 29 32 178 38 74 41 189 5 69 45 206 3 24 44 185 22 115 15 33 23 208 20 138 33 83
40 15 214 13 29 1 143 10 80 19 49 4 242 42 92 48 160 36 205 14 11 34 65 15 68 39 24 37 126 20 60 26 48
41 15 232 10 168 9 189 38 59 44 180 35 179 11 22 34 75 32 83 27 67 47 193 16 121 12 229 42 171 6 39 25 49
42 15 200 23 63 8 116 44 7 3 22 20 24 7 196 40 72 24 236 14 108 31 81 34 161 22 107 16 213 38 243 11 160
43 15 185 5 220 28 250 29 130 21 98 3 130 43 162 19 216 36 204 31 95 11 27 12 72 1 70 39 163 7 181 25 69
44 15 211 37 245 48 86 25 177 9 22 31 88 16 93 6 131 30 111 11 174 39 223 3 102 44 3 21 85 15 79 17 41
45 15 234 49 204 37 46 41 61 24 99 34 5 38 201 47 93 31 176 6 143 1 46 16 105 11 107 19 197 23 247 14 16
46 15 234 46 119 2 143 9 65 17 210 48 221 47 199 19 192 31 196 26 248 44 241 3 40 11 208 34 56 13 199 41 16
47 15 214 14 50 16 186 49 166 4 90 46 151 38 171 31 13 22 218 15 31 17 198 36 231 48 239 13 199 3 67 5 182
48 15 241 34 203 47 139 44 244 41 81 17 140 13 29 48 108 14 114 7 99 46 6 39 8 6 74 22 174 3 209 21 1
49 15 246 47 14 45 237 46 11 29 208 41 174 39 31 6 204 7 201 20 169 23 146 37 227 4 207 28 201 22 74 17 84
