0 15 421 93 46 57 214 88 215 24 35 48 180 8 114 28 232 74 112 16 219 29 224 45 5 27 68 71 238 94 106 1 144
1 15 490 98 96 100 13 35 216 36 221 13 117 29 78 96 10 54 58 75 174 38 49 68 95 77 136 22 149 67 4 10 201
2 15 400 22 162 13 158 79 151 29 194 17 157 71 213 16 226 43 150 59 243 67 203 69 204 26 167 28 192 54 204 74 127
3 15 476 15 138 35 195 38 163 88 157 19 159 71 86 86 92 28 135 50 170 52 5 40 157 80 58 37 224 79 240 77 152
4 15 466 69 143 42 3 87 179 17 225 37 187 85 157 24 220 98 52 55 198 23 58 54 215 14 85 72 150 8 101 92 86
5 15 443 54 210 78 245 14 167 26 182 43 212 68 227 69 241 48 116 94 4 65 69 11 218 83 127 3 54 62 6 21 48
6 15 509 10 32 27 104 97 145 81 128 37 193 63 61 88 13 76 83 16 91 1 179 35 157 64 89 84 26 96 107 75 55
7 15 554 88 51 61 85 96 241 62 82 83 59 47 243 98 59 21 182 76 213 35 104 74 219 60 38 9 146 63 105 52 89
8 15 511 9 139 89 21 75 186 62 139 20 46 99 18 48 178 61 79 53 225 63 59 98 232 18 235 92 213 49 96 16 237
9 15 541 57 57 78 127 81 15 90 121 36 36 19 3 26 66 30 86 95 135 10 9 93 7 40 112 94 84 75 242 79 242
10 15 364 31 137 48 58 64 31 72 3 1 58 38 172 12 65 37 194 83 78 61 242 20 83 33 13 66 159 6 95 36 231
11 15 511 95 96 80 19 51 83 78 90 4 89 55 92 34 54 75 211 67 66 84 136 48 167 50 64 10 77 43 92 79 237
12 15 438 38 58 55 138 42 182 79 245 73 233 89 6 39 13 19 105 28 2 90 77 18 239 92 95 45 103 23 87 1 74
13 15 391 34 161 30 223 52 214 51 249 86 34 37 91 22 51 9 128 63 117 56 32 57 150 28 3 92 48 3 117 33 13
14 15 492 96 105 17 9 8 117 94 143 5 37 64 205 97 43 84 59 11 91 43 69 90 170 71 94 72 12 41 125 28 24
15 15 476 39 26 30 5 84 237 23 230 79 127 18 44 81 16 86 116 25 198 7 119 66 48 88 87 41 60 50 134 78 9
16 15 549 24 205 88 131 77 103 69 57 32 38 53 14 4 140 80 230 38 188 98 103 85 135 91 228 96 241 11 81 70 119
17 15 364 5 124 8 87 13 136 39 32 43 122 19 247 86 122 36 117 53 223 54 50 28 38 87 218 15 82 58 227 63 127
18 15 568 97 119 52 7 5 65 92 245 46 186 69 16 32 104 90 170 70 192 44 23 71 162 78 241 79 211 98 5 25 177
19 15 431 4 195 28 60 51 92 46 39 89 66 57 22 19 146 91 240 39 37 14 32 25 161 97 155 22 247 62 198 75 65
20 15 378 93 52 24 143 46 176 40 136 14 55 42 186 75 39 28 64 30 14 27 111 23 54 22 121 58 245 17 71 92 243
21 15 455 35 84 97 110 27 142 36 68 79 51 23 23 38 197 11 66 40 181 89 103 53 92 76 124 2 220 92 222 61 85
22 15 397 59 97 31 68 75 224 55 242 2 108 66 124 97 163 37 214 25 28 45 165 30 249 9 207 72 112 26 66 33 189
23 15 452 2 143 87 84 63 61 59 119 4 112 76 120 38 125 84 124 60 3 82 174 35 231 91 204 45 219 21 180 7 122
24 15 401 72 145 57 134 5 215 55 108 27 182 29 164 6 212 89 144 23 243 25 247 7 130 70 13 75 238 33 54 96 5
25 15 476 27 140 11 213 96 128 67 155 56 248 84 219 54 47 59 49 70 53 25 218 82 232 49 151 44 175 40 126 30 87
26 15 511 82 57 78 145 69 125 22 187 79 77 86 114 47 89 13 207 39 234 59 14 1 140 95 1 42 90 76 233 65 5
27 15 441 71 49 13 248 43 33 72 66 19 3 92 5 16 140 95 230 46 184 56 197 48 191 14 191 32 191 74 96 45 94
28 15 518 46 108 44 188 90 167 3 211 69 246 65 137 87 11 16 82 81 140 92 93 34 108 79 165 98 52 13 95 48 108
29 15 302 4 43 46 45 9 150 5 230 98 71 18 234 32 185 68 127 65 57 19 60 45 152 23 67 17 27 29 13 26 138
30 15 505 66 168 83 110 28 185 67 207 32 37 26 165 70 211 82 97 75 240 15 236 36 218 55 61 86 173 37 166 85 64
31 15 439 4 102 81 236 63 208 72 29 17 203 68 42 70 137 3 233 31 245 99 16 30 119 40 4 94 78 20 228 41 223
32 15 467 79 223 60 244 81 82 22 49 86 189 42 207 78 148 62 160 28 206 61 45 85 31 17 27 34 210 4 203 40 97
33 15 509 27 220 69 87 63 101 70 87 1 7 25 193 14 202 92 175 64 119 82 126 15 16 56 33 94 41 93 100 84 196
34 15 483 72 205 14 60 68 217 79 4 67 188 80 11 51 184 52 177 49 70 58 124 37 25 31 219 69 171 63 18 16 196
35 15 447 15 138 51 78 97 170 94 128 25 113 65 6 73 67 89 75 43 187 46 2 12 182 26 42 1 46 80 11 29 217
36 15 368 63 159 16 34 54 245 8 166 59 63 39 227 4 215 19 142 60 72 56 142 99 197 94 245 13 208 11 193 20 240
37 15 493 11 184 78 217 53 122 76 71 82 41 9 8 94 175 37 134 49 42 27 98 41 20 44 203 80 204 97 1 45 8
38 15 382 85 44 53 199 9 231 19 140 71 229 48 16 75 152 38 124 44 15 23 136 36 16 88 215 18 218 2 113 28 106
39 15 355 11 38 86 181 78 208 25 223 15 49 27 153 74 170 17 96 5 52 13 244 19 136 28 186 55 21 89 67 51 144
40 15 397 80 238 32 12 67 39 23 91 62 37 42 238 41 15 9 207 63 165 61 175 60 229 40 164 16 62 2 183 64 197
41 15 497 64 102 78 25 20 67 97 61 30 186 4 19 26 168 29 35 80 43 95 157 73 68 43 36 84 155 39 116 68 35
42 15 490 79 221 63 5 41 231 54 103 60 89 6 30 16 25 8 200 55 52 44 61 80 150 53 163 91 130 73 226 94 140
43 15 342 65 186 20 18 40 131 56 145 10 123 19 169 73 175 16 87 26 234 17 175 88 229 28 129 61 3 6 70 46 197
44 15 311 84 183 18 201 22 48 8 68 9 31 36 227 3 13 48 120 49 73 5 17 45 98 27 225 79 180 76 228 11 110
45 15 365 95 113 31 44 23 248 2 153 36 180 7 98 77 78 48 49 85 65 29 14 27 103 71 155 34 49 33 111 11 192
46 15 440 5 74 25 48 96 222 51 200 59 180 6 108 56 235 58 56 69 174 49 187 82 201 7 138 84 157 70 194 18 14
47 15 481 50 191 88 199 38 61 49 39 70 230 46 179 87 180 36 43 51 109 99 45 31 200 3 70 85 60 42 181 27 155
48 15 481 80 219 44 31 58 54 79 96 75 209 91 54 45 72 41 89 22 52 40 221 98 220 1 142 6 12 83 86 39 168
49 15 568 60 32 98 19 35 28 66 62 38 6 67 135 79 57 73 151 65 223 58 184 94 8 27 149 71 209 62 247 54 121
