0 15 418 50 134 11 843 74 483 100 707 89 167 8 857 6 561 65 522 3 145 18 490 91 605 83 662 20 600 51 262 29 504
1 15 475 93 578 37 955 20 862 38 372 69 878 28 735 44 188 51 217 90 696 87 879 43 514 99 762 13 301 76 893 4 568
2 15 540 70 792 74 242 54 663 65 222 41 502 49 627 97 388 77 414 24 152 8 413 94 873 63 607 85 563 82 229 18 901
3 15 452 98 510 75 291 63 437 55 736 29 109 36 955 5 323 84 70 51 59 73 810 72 66 82 86 18 1 6 246 7 296
4 15 509 79 33 86 93 21 193 80 150 1 115 56 957 89 939 92 998 51 401 17 435 6 41 52 906 98 50 76 656 45 554
5 15 485 88 282 99 861 74 178 10 126 45 465 83 785 56 813 76 753 63 129 25 131 30 523 66 88 21 415 15 576 59 320
6 15 406 64 41 18 476 66 848 85 992 92 301 26 276 56 238 4 160 52 132 84 483 46 266 5 411 25 826 19 853 36 438
7 15 570 68 328 8 943 94 955 27 537 98 79 62 425 35 551 80 646 2 263 82 736 99 93 71 403 69 248 73 221 83 662
8 15 412 88 511 69 630 4 75 8 592 24 487 53 649 73 455 28 970 91 51 44 350 1 536 20 855 67 727 77 202 41 164
9 15 392 12 861 94 767 36 553 58 159 39 262 59 363 16 939 33 775 81 735 18 330 5 750 90 361 68 769 37 969 9 352
10 15 589 32 721 97 150 56 50 59 167 40 472 77 155 39 615 87 314 47 573 83 277 60 340 78 450 70 888 66 430 91 849
11 15 502 50 88 51 158 89 209 76 928 33 352 82 571 19 920 84 265 93 767 52 106 70 53 57 767 74 396 3 986 5 425
12 15 369 34 62 13 695 89 193 27 440 74 297 10 546 33 727 90 651 19 993 8 241 98 616 59 371 11 942 26 348 25 30
13 15 323 25 211 43 37 5 531 29 983 22 855 31 432 52 163 10 141 13 128 33 272 20 530 87 78 53 249 19 378 97 96
14 15 406 7 721 58 849 9 562 31 690 96 52 44 526 35 295 41 344 87 853 24 919 77 543 1 363 73 53 12 343 82 560
15 15 522 38 188 80 447 88 740 60 470 29 255 21 324 81 708 70 173 3 756 77 226 27 853 79 216 45 583 87 364 86 577
16 15 415 51 17 23 290 8 383 59 537 37 631 12 769 90 182 41 93 89 318 18 315 70 790 93 737 34 75 15 373 52 949
17 15 458 92 20 71 981 28 353 91 16 42 74 27 462 63 760 55 855 49 72 25 363 93 666 8 330 52 634 44 624 24 248
18 15 388 72 115 67 894 48 394 99 890 9 940 15 988 53 78 47 507 84 795 30 160 10 523 26 69 4 77 54 799 29 46
19 15 415 23 296 13 516 43 58 14 984 67 405 99 806 58 728 52 16 11 699 46 523 60 468 48 628 76 33 21 827 62 219
20 15 396 49 157 31 316 51 940 30 586 58 186 84 563 95 963 15 711 26 165 56 848 24 475 3 497 22 735 69 148 48 239
21 15 473 96 104 69 911 6 61 92 292 18 878 27 381 72 490 47 634 15 11 89 14 86 115 60 788 63 881 22 632 28 822
22 15 511 70 975 25 991 37 983 51 929 74 220 58 152 81 641 46 715 7 808 55 820 93 470 79 680 84 259 54 415 38 375
23 15 401 37 964 51 979 1 633 81 481 58 600 90 410 52 70 2 997 36 209 5 843 80 697 64 759 29 447 69 282 14 359
24 15 347 8 202 22 658 80 522 43 912 2 252 63 991 61 414 13 415 11 900 75 567 42 354 15 757 64 343 4 185 76 769
25 15 486 43 335 70 864 93 501 38 987 12 739 74 82 51 688 46 665 50 745 91 368 39 344 82 595 60 677 44 4 18 238
26 15 420 39 887 1 683 87 838 69 150 29 258 24 362 8 463 59 524 64 655 14 631 45 210 92 369 40 941 96 859 34 97
27 15 452 53 16 36 943 85 223 93 760 1 574 46 676 37 500 90 819 45 399 83 136 19 774 28 182 69 638 34 102 35 938
28 15 557 69 570 80 856 6 454 49 666 89 301 91 586 76 428 86 517 98 782 15 380 33 154 96 566 22 334 99 376 20 337
29 15 520 96 989 68 52 46 22 52 263 62 204 54 348 31 633 85 48 30 918 14 610 86 347 63 881 64 36 66 663 51 959
30 15 271 25 270 10 571 43 913 33 405 16 686 4 998 18 240 45 548 57 711 9 342 23 574 72 658 40 686 21 476 36 731
31 15 451 1 306 92 723 48 4 55 704 71 593 59 468 62 750 65 161 6 575 69 599 83 291 25 654 16 340 73 491 27 803
32 15 349 43 384 94 365 84 249 20 739 19 864 50 186 25 999 2 638 57 976 6 855 10 949 79 316 1 394 55 25 37 733
33 15 524 27 879 69 72 44 152 72 515 90 390 78 491 54 490 29 491 46 656 49 952 66 97 31 281 76 287 73 312 71 251
34 15 491 91 839 74 786 42 345 84 734 29 74 12 882 63 692 25 308 48 873 65 321 97 369 69 935 93 681 5 395 23 496
35 15 545 68 8 37 764 59 420 97 687 94 860 20 408 52 644 51 516 79 915 88 972 11 908 40 145 72 801 46 946 96 513
36 15 361 5 133 76 963 4 124 1 749 84 921 57 887 64 576 37 432 54 51 19 225 13 527 16 109 78 640 9 24 85 557
37 15 439 88 890 41 516 4 944 39 205 45 974 25 201 60 40 28 348 71 381 50 442 57 362 20 224 70 897 63 731 72 448
38 15 424 87 512 89 327 27 892 22 17 48 666 43 572 18 554 12 345 2 434 77 651 75 33 13 194 57 834 71 916 66 918
39 15 518 54 929 58 880 55 202 72 649 71 666 73 441 19 184 85 120 69 214 23 196 98 487 89 206 20 183 77 588 1 946
40 15 452 41 529 4 373 36 105 26 159 53 448 24 677 88 42 60 25 62 181 38 636 76 835 22 116 93 441 51 69 80 251
41 15 463 14 521 31 269 93 966 73 470 24 478 17 947 54 157 89 366 81 502 98 770 37 273 56 258 40 348 50 390 16 782
42 15 491 40 782 2 123 50 546 88 775 67 212 4 635 10 109 91 850 74 323 51 723 92 839 95 48 48 735 24 163 83 116
43 15 693 96 284 90 345 81 677 71 899 40 74 33 750 83 676 99 8 98 302 31 90 92 77 89 292 63 883 93 639 97 475
44 15 352 6 692 10 695 89 642 71 859 40 963 85 72 12 467 47 662 26 745 15 908 86 807 37 674 50 499 8 942 5 768
45 15 522 42 348 77 936 36 518 59 595 57 621 79 480 84 697 45 874 75 12 34 860 70 470 85 619 68 792 12 105 48 679
46 15 487 98 796 7 986 31 424 44 477 32 616 55 311 99 403 89 995 77 563 6 410 74 175 58 145 2 56 54 249 86 352
47 15 305 44 992 37 927 15 332 3 598 47 110 9 597 12 149 91 140 64 949 1 837 23 131 20 681 48 675 34 248 61 37
48 15 410 44 104 25 570 19 56 24 116 54 433 76 950 97 877 41 788 40 841 28 963 71 974 34 851 21 609 37 221 73 864
49 15 419 24 298 33 694 5 108 62 59 41 889 60 189 65 252 76 56 92 368 84 407 39 157 40 741 30 300 29 350 20 202
