0 15 961 55 198 62 21 99 238 71 158 11 99 100 223 97 118 88 181 84 148 20 209 27 49 92 87 54 179 48 161 53 156
1 15 667 56 58 18 78 6 157 50 163 68 198 64 40 44 134 29 26 17 226 97 28 5 146 71 241 49 149 90 109 3 145
2 15 726 15 10 52 84 89 207 40 39 21 159 38 237 48 184 70 128 59 86 54 56 13 110 51 83 99 83 41 109 36 187
3 15 803 75 45 89 60 86 197 50 226 70 208 13 6 8 246 35 205 60 90 25 199 62 7 12 90 92 22 27 129 99 123
4 15 688 69 58 8 65 57 183 86 167 48 191 24 93 65 160 49 127 50 10 1 50 21 159 2 234 98 243 56 76 54 199
5 15 900 89 61 6 156 70 191 91 186 88 32 61 232 98 222 81 176 23 140 78 123 13 237 74 148 86 18 3 162 39 8
6 15 655 60 229 69 15 84 190 57 77 27 94 87 76 9 10 8 185 83 197 12 57 11 248 80 9 34 247 13 245 21 206
7 15 716 66 191 22 201 30 129 27 106 74 88 94 149 47 153 56 31 87 5 44 143 17 142 24 77 77 73 40 173 11 212
8 15 563 28 126 52 51 29 133 79 57 40 3 45 233 53 241 37 209 23 74 15 16 68 31 9 42 10 85 16 49 59 126
9 15 688 12 88 54 115 39 32 47 67 40 86 21 84 70 174 26 156 34 48 81 48 14 149 30 174 92 139 59 7 69 234
10 15 699 50 57 37 14 45 118 62 113 10 197 86 243 68 59 19 124 44 68 6 43 83 56 72 157 49 213 67 57 1 235
11 15 766 91 3 93 127 18 87 97 230 2 6 78 187 50 246 20 221 92 188 28 134 34 105 19 194 41 170 29 81 74 71
12 15 731 9 243 10 155 22 163 62 102 1 214 49 149 83 169 40 122 98 123 92 183 77 219 17 146 65 59 67 193 39 42
13 15 846 65 49 34 124 56 108 88 67 59 88 80 9 36 215 29 225 86 176 47 229 9 176 77 173 64 185 41 108 75 84
14 15 810 72 223 17 198 28 76 85 197 86 173 44 10 42 172 35 128 98 183 8 58 60 7 34 132 70 118 74 29 57 1
15 15 705 16 226 98 246 1 32 44 187 6 121 82 66 65 104 52 142 3 186 51 110 96 208 45 27 79 114 8 7 59 10
16 15 656 24 34 57 219 85 90 62 123 48 235 4 165 49 9 16 242 11 1 42 170 98 1 14 127 82 177 29 139 35 237
17 15 746 48 9 23 206 29 59 97 193 81 144 27 86 8 27 45 225 18 155 78 61 77 75 62 92 1 43 69 231 83 155
18 15 689 68 32 13 192 37 242 33 184 32 27 62 117 36 238 63 161 57 218 40 167 94 164 28 235 67 122 55 197 4 112
19 15 553 66 185 74 207 21 117 6 156 2 89 34 113 56 219 18 231 58 87 22 225 32 86 4 169 54 176 25 202 81 236
20 15 769 18 218 60 26 90 228 34 145 80 172 28 94 29 249 48 247 31 205 85 3 81 17 40 187 35 195 14 59 96 144
21 15 674 45 215 11 156 41 101 33 74 47 114 27 60 76 125 57 174 13 108 9 146 26 100 82 160 44 147 71 190 92 217
22 15 594 4 3 22 144 55 106 69 153 16 29 31 93 5 189 62 53 25 222 48 201 81 212 65 27 32 156 19 248 60 23
23 15 739 71 55 79 179 24 231 50 141 62 232 33 116 70 100 72 74 1 22 26 72 52 88 38 31 19 194 69 3 73 41
24 15 740 59 3 19 134 33 218 76 196 51 210 12 220 90 44 35 90 67 110 63 68 47 153 18 96 86 200 24 176 60 176
25 15 578 47 94 11 66 69 206 17 179 67 188 39 209 83 73 50 249 85 15 31 167 18 148 14 118 15 41 13 124 19 159
26 15 734 67 79 76 38 84 192 16 153 32 54 63 64 79 112 28 231 45 144 98 95 9 215 29 23 8 243 97 176 3 215
27 15 570 6 79 2 241 22 69 43 103 23 207 67 203 21 81 15 148 61 161 44 158 55 2 25 86 75 184 28 23 83 237
28 15 714 66 11 39 56 34 57 1 87 81 7 5 233 77 185 99 75 97 210 20 106 16 71 30 151 45 115 79 117 25 161
29 15 821 56 242 73 194 48 6 52 98 44 133 17 235 84 118 9 180 77 230 86 244 50 217 95 247 32 123 13 8 85 68
30 15 590 50 157 13 149 14 215 48 60 49 53 57 165 87 43 32 197 72 210 26 7 4 226 24 98 22 157 86 16 6 106
31 15 841 15 214 18 15 79 34 62 138 82 165 97 147 3 139 30 250 60 92 75 219 45 2 92 244 50 65 61 215 72 218
32 15 735 82 85 87 96 15 71 58 153 54 224 99 152 76 239 25 98 23 52 66 169 5 109 12 230 78 92 49 161 6 135
33 15 877 47 51 99 119 10 153 73 83 3 174 59 241 57 235 39 81 38 6 49 43 65 12 74 24 89 67 98 139 77 205
34 15 918 73 25 8 24 94 217 76 18 52 31 93 112 71 250 96 211 80 86 69 181 85 192 53 58 33 21 21 99 14 146
35 15 672 23 221 69 118 38 196 85 191 26 178 2 99 79 147 9 210 82 127 90 63 13 184 65 71 18 37 30 40 43 185
36 15 774 60 64 3 227 53 151 64 43 76 141 46 76 19 92 85 230 13 120 40 126 55 107 48 174 93 129 30 73 89 238
37 15 769 2 67 42 2 30 86 80 170 31 55 40 225 91 170 52 6 41 91 33 147 47 132 70 90 60 134 69 82 81 59
38 15 773 20 133 75 11 86 155 47 215 26 127 72 116 53 162 37 204 17 129 95 1 27 241 32 196 80 141 81 150 25 212
39 15 727 8 246 96 185 81 89 54 248 64 183 69 231 35 132 91 151 49 235 51 75 25 33 22 157 3 158 68 196 11 152
40 15 851 4 93 92 109 40 105 91 60 88 28 42 8 20 194 57 54 94 31 80 228 53 36 55 46 70 13 49 232 16 202
41 15 585 74 107 60 16 13 203 25 250 32 118 8 151 16 204 7 96 33 234 50 221 38 156 68 41 77 130 39 58 45 242
42 15 673 82 103 1 249 15 3 23 17 86 43 26 86 5 191 41 63 49 136 46 236 91 163 28 118 94 66 27 140 59 10
43 15 784 92 210 58 8 14 183 24 250 25 149 87 31 89 78 96 227 53 94 62 50 29 4 9 223 59 124 2 198 85 111
44 15 906 91 94 19 48 9 51 72 110 27 220 47 157 61 124 2 137 78 47 55 240 86 178 98 11 79 97 95 241 87 90
45 15 768 9 36 99 159 57 60 85 179 56 44 41 81 97 77 58 44 26 236 23 130 27 158 76 168 39 72 65 30 10 4
46 15 613 38 96 4 149 14 183 84 221 28 24 2 75 11 220 27 199 92 109 25 249 67 1 68 158 24 34 39 86 90 28
47 15 828 33 195 76 86 58 211 72 31 88 147 84 112 49 44 81 77 44 24 85 119 22 54 21 142 61 144 25 101 29 64
48 15 783 78 11 59 54 49 68 14 72 50 51 18 133 65 66 79 197 93 122 21 179 90 94 32 210 35 44 6 12 94 36
49 15 782 77 124 47 37 55 42 18 156 94 237 89 60 5 169 7 149 40 79 82 172 61 193 59 56 48 20 2 184 98 175
